42 2754
31 2846
37 4878
32 6179
28 4869
20 4330
12 13820
50 2260
27 4242
11 8071
40 3145
58 2449
16 5675
9 14785
18 3483
3 21302
18 5520
19 8469
19 6556
30 3676
11 6540
16 10793
20 6985
13 10836
39 3544
10 10914
48 2678
16 4651
29 5342
27 3319
25 6821
40 2107
35 2777
12 10277
42 3099
16 8940
27 3713
68 2563
43 3371
56 2158
36 2882
31 5100
39 4469
3 16371
54 3392
15 6270
24 4849
23 3006
79 1936
26 5502
32 2299
33 3319
8 13121
63 2761
63 3931
37 2750
37 2761
33 3278
23 3698
9 12566
20 5623
35 7690
14 11376
31 6201
55 2127
44 4737
57 3324
16 5376
50 3437
51 2252
24 5335
15 7598
29 4487
35 2481
13 5943
25 3404
41 3687
14 5278
46 3891
34 3932
72 2648
5 26344
11 10717
88 1802
58 2718
12 7351
34 3208
38 6026
82 2067
16 10838
52 2043
33 2539
8 13336
22 3857
13 6821
36 4829
36 4084
19 6679
15 6899
19 3563
44 1836
9 11672
5 12438
13 5951
26 4762
42 2010
63 2660
29 3701
56 1923
49 2491
19 4396
67 2293
32 5377
38 3297
28 5024
7 10353
11 8876
49 2916
26 2505
12 9101
48 2074
58 2563
48 5062
30 4045
36 3207
20 3868
25 6542
9 10353
17 4744
12 9727
16 7941
19 6179
35 3349
29 3622
54 2426
85 1864
55 1914
5 14440
43 2310
12 5954
14 11607
58 3008
36 3196
26 5198
46 2938
18 4506
40 2901
10 10203
34 3420
83 2700
18 4347
21 4000
25 4137
11 11745
13 7933
32 4101
27 5664
45 2378
22 4919
13 9738
31 3191
18 5136
20 5991
17 9216
11 7031
41 2129
21 4925
32 3708
28 4946
21 5649
28 3860
17 5983
24 4160
13 7115
22 5381
34 2846
22 4002
13 7629
24 6170
14 8034
53 4336
7 14386
34 3360
20 4408
7 17489
68 2825
36 3431
12 11504
20 5636
28 4240
6 9609
47 2872
32 2737
78 1699
44 2262
27 2990
57 2040
12 7037
24 4046
29 3812
26 6619
10 9307
74 3320
60 1921
60 1902
8 10677
73 2169
31 4875
5 17755
14 7115
69 2028
5 13601
35 6683
32 4317
31 4370
28 4631
27 4084
28 3868
19 4056
29 3319
9 10677
55 1632
12 11879
13 9236
40 1936
16 5768
32 3619
4 14920
10 6250
33 3942
34 3604
27 5650
12 6164
40 4079
37 6073
38 4199
35 3207
34 7177
33 4695
5 13494
33 2547
32 3145
33 3798
65 2415
29 6118
68 2223
24 5385
22 9526
24 4715
59 2505
35 2847
23 8724
13 5645
9 15958
17 9310
38 5024
5 14404
22 5753
15 7475
47 2835
39 2879
45 2660
23 4551
7 18383
12 11803
59 1929
26 7308
18 6356
8 13610
29 4584
25 3895
29 3604
15 8265
13 11074
10 6530
20 7062
45 3904
37 4412
20 2821
28 3408
18 9344
17 5123
36 3040
72 2482
11 9669
37 2753
39 3355
19 4705
22 5342
53 3095
27 2822
23 3875
82 1629
31 3081
35 3601
27 4950
11 6918
24 6081
24 3951
7 11377
33 5270
56 2340
46 3208
9 11900
25 6105
19 4704
25 4279
90 1681
35 5146
61 1796
17 4763
19 3873
22 5268
58 2154
58 1952
24 3780
29 6164
19 4311
26 6964
42 3745
29 4091
15 7475
16 5711
23 4206
50 2398
25 5026
15 5832
31 2553
46 2860
23 4566
3 16080
36 3932
58 2839
35 3458
55 1539
48 4034
24 4173
24 9132
59 2436
6 16477
21 4729
7 19399
19 5478
17 8091
13 7988
42 2630
42 3775
58 1602
49 3942
31 2645
27 7845
29 4889
21 4416
42 2974
25 5197
12 11421
4 27109
28 3934
42 3528
38 3019
35 2204
66 2097
7 10072
34 3627
21 9269
26 4160
44 3237
42 3699
9 8654
14 6268
10 10202
32 4036
22 4000
36 4021
14 9427
20 5602
17 4441
26 3206
9 12942
7 13782
23 4383
38 3297
65 3262
24 5758
24 4631
64 2081
44 4459
56 2317
22 4632
12 5387
25 4164
61 2148
29 3355
30 5709
31 3924
14 9145
28 4507
50 3006
39 4506
5 12527
29 6467
3 13763
45 2986
20 5686
11 10386
22 6853
26 4486
44 2840
28 3384
11 7450
18 11234
40 2341
22 8918
34 2302
25 5079
34 3145
36 4361
4 15107
10 7669
13 9436
14 5758
12 6356
22 5253
11 4830
59 2008
28 4711
12 6739
28 4600
42 2726
31 4562
53 2580
41 2688
49 2675
11 14061
48 2873
17 4956
87 3320
41 2755
32 2739
42 4524
23 3775
29 3445
46 2975
7 12117
21 9297
27 3979
39 3145
31 2731
22 6285
30 3302
24 5918
34 3740
33 4082
32 4869
29 5634
11 7128
43 4628
37 3732
6 10932
25 4657
25 5575
44 3389
36 3920
32 4123
20 6779
44 3295
28 2807
52 2616
2 16780
48 2739
11 7474
6 22063
34 2571
38 2823
22 6838
58 3053
18 3832
48 2953
54 2143
63 2638
24 3833
61 1971
10 13903
31 2950
88 1575
35 4455
9 19506
29 7950
11 5645
40 2658
44 3571
61 2217
31 2940
29 5703
16 10838
17 8029
6 14689
7 23927
10 9182
36 3107
9 11746
19 8158
58 2654
26 6333
29 2509
52 1959
38 2571
7 14519
28 3805
30 3315
50 3587
20 3739
45 2923
21 4900
25 3563
25 3364
28 4792
9 8787
31 5664
22 5224
29 3713
31 3098
15 7937
46 3838
49 2821
45 3319
24 5904
18 5119
36 2737
47 4414
40 2213
27 2773
42 4877
31 3951
42 3297
36 2781
48 3053
61 3318
28 5176
63 1952
43 1878
28 3551
51 2845
29 3895
19 4572
40 3651
24 5127
18 7227
44 3234
27 3904
34 4443
23 6961
18 3727
5 22026
23 7073
29 4770
14 4172
16 7953
30 5295
71 1608
5 13776
42 4524
15 9215
51 3815
4 25114
45 2173
4 14909
34 2773
33 4778
27 8050
26 3708
46 2648
24 3800
8 13602
13 5846
8 8138
22 5636
15 4802
15 7999
31 3689
11 10628
36 4328
74 1734
31 5894
31 3750
16 4248
34 2276
25 6184
57 2634
43 3244
44 3033
28 4596
19 3523
20 9627
23 3646
10 8292
25 5485
43 3232
24 3921
9 6914
67 1652
8 9768
17 7315
30 4469
15 6724
58 3021
54 2025
10 12254
10 11709
41 3434
51 2177
33 5108
51 4503
43 3640
22 5353
46 2905
13 6948
31 2976
23 5169
33 4223
44 3120
6 7349
29 4140
31 3773
23 4443
33 2878
60 2555
65 3614
9 7196
30 2818
33 4166
33 3577
33 3683
22 4383
43 4185
9 6697
8 18481
66 1764
44 3373
13 6859
32 3171
19 6256
62 2349
18 7476
40 3976
12 6712
34 3654
21 5288
28 3050
25 3774
36 3359
9 9506
29 6216
48 2444
48 2437
25 4127
40 2942
38 2383
12 6441
35 3463
40 4147
12 7965
14 8124
8 18016
56 2916
26 3662
39 2531
33 4280
15 6869
8 10714
34 3827
14 5874
36 4228
21 4366
27 5318
58 1669
38 3891
32 5212
42 2439
49 2801
22 6004
8 14657
49 3393
28 2838
28 5247
40 3034
56 2418
21 6020
35 3168
31 2628
54 2874
54 2310
53 2906
26 6567
18 7218
10 7689
5 8173
35 3894
14 6230
31 2934
17 5764
30 4815
34 2545
45 4777
16 15746
5 17245
35 3596
10 8455
25 4925
46 2088
18 4016
37 2832
18 6428
37 3946
34 3051
9 13336
20 5328
32 2542
10 11329
42 2709
43 2774
11 13609
29 3473
77 1665
33 4779
27 5100
16 5191
20 5796
33 4349
65 2388
16 6479
42 3296
61 2566
58 1773
19 5237
4 27730
10 9750
30 4569
22 4113
7 7882
31 3615
71 1958
13 6665
59 1916
40 2849
55 1846
36 2750
62 3046
19 6667
17 10511
54 1742
13 6918
46 2829
17 4469
28 3246
24 3299
28 6717
17 4599
40 5655
13 5645
8 10420
6 14455
4 21730
76 2187
47 2716
53 2213
53 2058
26 5488
26 2866
10 8441
34 2493
35 4184
52 2857
8 8879
43 3089
16 6682
51 2266
22 4705
27 3891
10 6403
22 7875
38 2632
29 4314
27 4818
6 10631
5 17370
30 3243
39 4356
55 1922
12 6414
3 27227
48 3040
28 4469
43 2415
43 3316
35 3674
36 2981
44 2466
46 2337
36 2705
34 3531
30 2407
66 4323
31 5092
61 2767
25 4469
29 5170
29 6313
59 1711
42 3819
25 5654
4 19940
36 3339
9 7074
53 2233
47 1964
16 10692
69 2582
24 3282
30 4950
26 3006
10 9162
23 8457
32 3485
63 1905
16 9562
26 4815
14 4172
28 3689
15 5888
2 20795
53 2566
42 2476
28 5905
28 3853
24 5960
31 2831
31 4160
63 2823
17 4138
20 5080
39 4970
29 3908
15 4808
22 5361
27 3594
72 2149
35 4596
48 2668
26 3627
10 6654
8 17380
33 3574
12 5278
38 3181
35 3011
45 3335
38 3393
28 3351
39 3387
17 4022
50 2766
58 1919
19 7073
52 2654
47 2961
26 6156
47 7093
19 10920
19 6107
16 6193
21 3492
22 4635
18 5815
25 6578
22 3560
7 12794
52 3614
18 9667
32 4463
25 5198
21 5964
31 4376
26 2705
54 2036
16 5132
17 7224
39 3706
13 7007
71 2550
25 3862
25 4513
8 13845
17 4810
74 2338
8 15486
10 8265
4 15583
69 1799
14 5664
38 3201
17 6286
68 2910
18 4366
24 4314
8 9292
23 9590
27 3630
20 6826
31 3436
38 3260
25 4782
19 5746
33 3274
54 2777
27 4496
42 3576
17 6032
18 9632
11 9229
16 5115
24 5559
57 2287
22 6526
41 2393
55 2801
33 2339
13 5940
24 4206
27 2872
19 4514
18 5775
73 2837
37 3422
13 5978
39 4455
33 2786
16 6488
7 8629
27 6333
14 6510
4 17378
41 2805
3 18750
29 2959
27 4212
10 9918
31 5488
78 1756
18 8065
16 8065
19 10511
20 7881
37 3483
42 3908
17 8120
30 4227
45 2027
27 4477
35 2459
51 3583
34 4141
38 2285
45 2002
17 4699
19 3813
26 5361
32 3874
36 3811
38 3942
35 3216
12 13090
14 8832
38 3949
42 2134
26 3422
26 3358
45 2902
12 6888
19 4488
36 3000
55 2337
19 3864
46 2648
22 3739
18 3598
40 5546
15 7730
30 7162
3 13777
65 2030
35 2999
7 14066
41 4323
37 2340
15 6401
16 4819
21 6526
47 2048
6 16073
21 7026
53 2252
38 3823
41 4000
5 19675
58 4185
41 3237
25 5752
38 2420
75 2136
37 4337
18 5317
18 5446
58 1825
30 3463
12 6904
22 5987
23 4581
26 5113
40 2864
59 1764
50 2632
22 4473
4 15952
29 2929
24 4383
57 3178
30 3875
29 3660
5 11748
36 4185
15 7730
45 2367
19 4056
23 2793
44 3219
8 11762
27 4115
27 5027
22 3952
33 3548
29 4623
7 12215
30 5295
11 9364
44 2022
19 7073
22 4190
13 7520
30 3573
17 10783
25 6086
9 13610
50 2648
10 10677
29 3359
37 4314
37 4731
23 3462
25 3037
14 4473
81 2754
35 2788
31 4001
38 2632
52 1983
21 4622
9 13259
13 5680
41 4133
26 5652
24 3049
18 5962
17 4364
41 2531
48 5115
66 3177
17 4715
63 1563
20 5104
46 3280
67 1701
37 3289
8 17756
90 1144
16 6005
23 5917
50 3086
61 1906
58 2625
15 5376
11 6056
27 4735
45 3634
16 5468
9 9009
44 3070
29 3165
26 3035
52 2309
25 3186
25 4273
30 3590
34 4829
33 4677
34 3890
22 5546
8 12536
68 2322
27 3608
39 3931
14 5552
28 5163
34 3049
33 4463
11 10867
74 2595
30 2804
8 9082
41 2901
25 3551
34 3507
10 19370
12 7630
21 4705
68 2517
65 2618
34 3767
18 5050
35 3037
11 8648
21 4371
25 3687
35 3509
22 4238
10 9318
22 4323
44 3002
7 11167
10 5142
4 21537
36 3158
13 5328
36 3422
19 5865
42 3755
41 3571
16 4160
25 5945
34 4146
15 5437
32 4280
11 10075
57 3497
66 3452
22 3384
18 4114
22 8074
6 17078
26 3847
40 5442
6 11880
29 4770
12 11257
34 3469
8 10167
34 3653
17 8218
15 6899
11 11611
29 2539
23 4584
55 2654
14 11559
14 10299
14 5940
18 7855
16 5965
7 10202
11 7999
16 3570
18 6486
46 2088
36 4071
28 5717
15 6950
30 2986
38 2673
44 2825
48 2938
26 6243
46 2564
65 2146
21 3788
29 3663
48 3037
38 4258
46 8023
31 3887
8 22810
53 2217
21 4173
23 3231
42 2307
10 10324
46 2873
14 6195
28 4935
21 5589
10 10235
47 2391
28 4733
60 2523
36 3230
23 4986
19 8540
7 12842
6 13234
22 5298
38 4022
17 7073
20 5089
17 5006
35 3627
26 4315
82 2114
7 13045
25 6735
24 5875
50 2520
35 2981
9 10461
13 9871
23 3414
64 1949
56 2107
35 5104
27 4651
18 7475
25 5197
34 2576
22 7276
22 5026
62 1849
43 4682
37 3053
22 4491
13 10754
9 7752
20 5319
7 13196
36 3628
18 5250
5 14864
21 6081
25 3855
57 3913
32 3163
13 5013
23 4143
14 8728
40 4231
44 4429
72 2045
67 2910
48 2709
33 3243
74 2349
20 6711
32 3154
30 3083
38 3393
13 5336
27 3542
27 2623
45 3459
21 5945
7 8014
7 9172
34 2872
44 3297
34 3909
41 3807
50 2568
49 1991
50 1876
23 4791
30 3797
8 12661
30 5441
23 6038
35 4242
3 18262
11 6323
7 18383
27 4957
26 4782
10 11332
60 2722
34 4802
35 3020
16 10626
18 6203
39 4109
26 5359
21 3791
95 1828
25 3560
25 6616
70 2491
10 8901
38 5044
23 9041
54 2449
23 4447
31 4426
60 4458
51 3955
27 3765
43 2932
31 4562
24 5761
22 5638
17 7094
28 3920
53 2620
27 3447
27 4154
46 2576
66 2498
19 10178
50 2845
14 4518
39 5309
11 12241
19 7227
8 10314
29 4157
22 5274
38 2711
25 7475
28 3575
28 3939
4 14858
33 3776
22 6926
31 2538
43 2203
4 12016
57 1997
14 10937
42 2578
14 5328
40 2960
38 6073
29 2979
5 10136
28 6050
13 5511
25 4442
37 4540
38 2169
49 8023
47 2151
39 2799
22 4488
13 7410
23 4705
62 1853
38 3931
42 2505
17 8903
11 12536
30 3539
37 3531
15 6479
31 3036
49 2840
33 3078
13 5328
11 6138
15 10718
25 3939
21 4208
28 4479
21 6884
14 12527
7 10040
32 3855
70 1800
55 3061
93 2089
39 4628
44 2695
40 3169
19 3864
26 4410
11 8514
26 4414
48 2339
50 2043
27 5100
15 4095
35 2741
32 3901
20 4032
21 5360
12 4760
41 2716
42 3602
36 3132
21 5746
41 2777
19 6062
7 11533
31 4563
86 1599
71 1376
49 2852
14 6353
8 8364
7 10533
5 26400
7 22733
35 3584
71 1800
44 2685
9 12733
2 21899
16 4204
30 4380
4 17243
53 3058
16 8091
9 12123
48 3501
24 5258
13 7550
48 3151
12 7518
27 4391
20 4443
24 5026
19 8493
9 11492
29 5374
57 4062
37 4093
77 1434
47 3439
38 3015
6 13616
73 1953
27 6465
4 26558
38 3538
43 1845
36 3118
39 2632
33 2601
68 1812
11 9495
11 6044
22 5359
8 12339
13 5831
19 4579
62 2767
31 2857
59 1963
16 5860
7 15732
18 6270
18 5047
38 3701
38 3307
34 3115
53 3299
60 4258
58 1800
37 3660
39 2384
84 2346
19 4680
31 5933
26 4887
38 4914
11 6609
53 1812
2 28641
28 3832
11 5372
16 6100
34 3105
14 6363
57 1630
34 3660
31 3050
14 6869
46 2953
22 4067
38 3794
38 3899
8 13919
31 2946
30 4109
53 2532
28 3302
51 2978
36 2945
20 6694
6 15120
36 3577
36 5763
26 3037
37 2717
29 3895
21 4354
32 3763
50 1984
16 9413
11 6479
55 2119
48 1905
12 8332
28 4068
32 5755
22 6694
8 9108
11 8364
55 2033
38 3361
71 2768
33 4419
44 3022
29 5515
34 3141
14 5616
15 5701
54 2217
10 9467
10 7008
18 5185
24 5554
24 4627
18 3648
27 3258
47 2866
16 8001
39 4109
40 2882
18 4886
17 7362
27 5529
73 2496
10 6952
34 2655
93 1629
37 5363
37 3252
7 9596
67 1753
23 4514
37 2889
10 7409
25 7906
34 3848
55 3666
52 2063
24 3739
67 2062
21 4229
37 3312
14 8488
33 3399
63 2647
27 3457
5 10581
9 14733
32 4139
45 2455
7 10834
19 7919
11 6010
12 8978
65 3318
25 3246
11 5572
21 3617
32 3800
23 3229
3 19822
34 4463
46 3136
68 3562
73 2778
21 6491
16 7694
4 16908
26 3037
15 7279
46 2794
40 2628
38 2535
33 5580
32 3660
10 8167
22 4296
17 7056
65 2256
45 4438
34 3683
23 3500
21 3525
26 6544
34 3158
25 4243
14 6198
37 2646
13 9790
36 2585
19 7801
6 11001
25 4279
15 6296
20 4572
33 2779
47 2637
35 3932
18 4481
27 5344
23 3518
51 2688
11 10203
7 21566
8 12112
32 3075
35 2153
41 3302
41 2445
62 2499
26 4391
27 6169
13 4583
7 11327
47 2560
28 4404
13 8198
37 2401
59 1758
52 2540
39 2835
29 4066
5 14727
27 3824
41 3234
26 4336
29 3431
32 4286
5 11445
64 2655
20 5777
27 3847
11 7717
60 2653
27 4279
9 7590
27 4779
26 7193
17 6199
14 10684
7 14800
9 7856
30 3515
24 4544
48 2107
10 7781
44 2405
2 23605
53 2437
86 1558
17 5592
34 3608
15 4439
65 1818
6 15409
37 2924
58 2401
59 3037
19 4124
64 2638
53 1764
21 6201
17 7788
19 4822
29 3651
77 2000
34 4875
23 6177
22 4056
27 3629
34 3385
58 2121
18 4071
8 9506
41 3187
38 3019
23 3570
32 5071
24 3191
40 4000
22 4376
48 2273
40 4363
25 4261
52 2482
37 3360
21 3775
15 6356
46 2333
12 5313
31 3453
46 2014
19 5282
27 5677
9 12665
14 10220
37 2336
15 12454
64 4433
53 2053
25 4705
5 17799
28 3701
45 3322
44 3358
47 5143
10 9553
33 2779
12 12067
44 3053
70 2007
51 2716
21 6347
4 19266
28 3206
23 6368
41 5118
10 7669
6 8858
23 4205
8 12733
53 2837
41 3704
48 2873
14 13504
14 6669
4 14117
17 5826
43 4496
38 2634
47 5069
33 3197
10 9489
50 2883
29 5921
17 7882
31 4066
3 20129
13 6323
34 2553
15 7950
34 3822
31 3637
7 11382
20 5152
18 8844
18 6243
27 4724
12 7617
51 2356
24 5768
46 3061
45 3076
22 6320
37 4463
34 2516
26 4465
24 8844
38 2503
49 3485
56 2945
27 3744
14 6941
28 4051
45 3128
6 9996
22 4296
20 4164
29 6373
10 9182
65 4433
21 5164
35 5209
20 10803
7 13745
62 2099
39 3930
74 1434
54 2718
72 2071
63 2347
12 7812
20 5638
25 3454
35 2582
35 4099
35 4455
69 2770
19 3627
58 2824
40 4226
22 6756
29 4046
23 7634
22 5913
44 2784
9 13394
15 7115
30 5454
54 2899
27 3542
36 3122
9 6479
13 4810
81 2116
39 7198
37 5904
54 2333
56 2768
16 5735
5 16287
7 11272
53 2269
48 2081
30 5626
15 7999
15 5249
9 9495
6 20827
5 20789
64 3503
43 2430
12 15221
65 2472
5 15096
64 1939
53 2308
46 1972
6 18705
28 3663
37 2436
21 5119
36 3418
19 6146
9 14444
17 5198
21 5388
22 9297
26 4887
11 7060
58 2764
36 3561
10 8106
4 15249
8 7755
30 4278
19 6711
28 3836
52 2715
40 2466
43 2457
17 5153
28 11573
48 3035
35 3026
13 9074
30 6038
61 1930
58 2350
17 4248
29 4575
24 3523
21 4507
70 1887
22 5279
40 4150
10 10386
33 7601
31 4100
27 4380
17 4882
19 7073
55 3417
42 2967
45 3241
39 3129
11 6609
21 5444
12 7433
30 2985
48 2442
35 3282
49 2779
31 4540
27 5752
39 2869
47 3682
7 12266
34 4123
16 11459
22 4064
28 3015
54 3719
53 2906
31 2954
12 10852
6 11102
8 9957
18 7475
50 4128
50 2458
6 13241
14 5726
21 4258
85 1504
15 7630
27 8896
60 1764
6 12994
24 3081
38 5273
15 6605
24 3332
34 2948
12 7460
41 2439
9 10575
35 3702
30 3536
25 3607
8 14161
13 11492
4 21300
28 2927
23 6542
67 2842
28 3891
53 1978
6 9606
25 3604
9 14568
15 6866
55 3503
33 3909
29 4474
45 3181
34 2664
29 3519
8 12337
22 5172
23 4695
11 4566
58 2149
24 9041
17 9114
28 4971
28 3951
50 2457
41 3390
33 3027
7 9479
38 4093
27 5142
40 4279
20 5909
53 3096
26 7419
9 6904
15 10169
52 3058
21 5027
52 1995
18 5894
7 13599
32 3399
10 15770
21 7330
59 2412
43 2941
