10.55473163841808
10.534531360112755
10.534531360112755
10.534531360112755
10.534531360112755
10.534531360112755
10.534531360112755
10.534531360112755
10.534531360112755
10.534531360112755
10.534531360112755
10.534531360112755
10.534531360112755
10.534531360112755
10.534531360112755
10.534531360112755
10.534531360112755
10.534531360112755
10.534531360112755
10.534531360112755
8.803169553434664
8.803169553434664
7.929670912951168
7.907671957671957
7.907671957671957
7.907671957671957
7.907671957671957
7.907671957671957
7.907671957671957
7.907671957671957
7.907671957671957
7.907671957671957
7.907671957671957
7.907671957671957
7.907671957671957
7.907671957671957
7.907671957671957
7.907671957671957
7.907671957671957
7.907671957671957
7.035075329566855
7.035075329566855
7.035075329566855
7.035075329566855
7.035075329566855
7.035075329566855
7.035075329566855
6.60105160834217
6.60105160834217
6.60105160834217
6.60105160834217
6.60105160834217
6.60105160834217
6.3424628450106155
6.3424628450106155
5.288877081119376
5.279780841286674
5.275247175141243
5.275247175141243
5.275247175141243
5.275247175141243
5.275247175141243
5.275247175141243
5.275247175141243
5.275247175141243
5.275247175141243
5.2707231040564375
5.2707231040564375
5.2707231040564375
5.2707231040564375
5.2707231040564375
5.2707231040564375
5.2707231040564375
5.2707231040564375
5.2707231040564375
5.2707231040564375
5.2707231040564375
5.2707231040564375
5.2707231040564375
5.2707231040564375
5.2707231040564375
5.2707231040564375
5.2707231040564375
5.2707231040564375
5.2662085976039466
5.2662085976039466
5.2662085976039466
5.2662085976039466
5.2662085976039466
5.2662085976039466
5.2662085976039466
5.2662085976039466
5.2662085976039466
5.2662085976039466
5.2662085976039466
5.2662085976039466
5.2662085976039466
5.2662085976039466
5.2662085976039466
5.2662085976039466
5.2662085976039466
5.2662085976039466
5.2662085976039466
5.2662085976039466
5.2662085976039466
5.2662085976039466
5.2662085976039466
5.2662085976039466
5.2662085976039466
5.2662085976039466
5.2662085976039466
5.2662085976039466
5.2662085976039466
5.2662085976039466
5.2662085976039466
5.2662085976039466
5.2662085976039466
5.2662085976039466
5.2662085976039466
5.2662085976039466
5.2662085976039466
5.2662085976039466
5.2662085976039466
5.261703625483984
5.261703625483984
5.261703625483984
5.261703625483984
5.261703625483984
5.261703625483984
5.261703625483984
5.261703625483984
5.261703625483984
5.261703625483984
5.261703625483984
5.261703625483984
5.261703625483984
5.261703625483984
5.261703625483984
5.261703625483984
5.261703625483984
5.261703625483984
5.261703625483984
5.261703625483984
5.261703625483984
5.261703625483984
5.261703625483984
5.261703625483984
5.261703625483984
5.261703625483984
5.261703625483984
5.261703625483984
5.261703625483984
5.261703625483984
5.261703625483984
5.261703625483984
5.261703625483984
5.261703625483984
5.261703625483984
5.261703625483984
5.261703625483984
5.261703625483984
5.261703625483984
5.261703625483984
5.261703625483984
5.261703625483984
5.261703625483984
5.261703625483984
5.261703625483984
5.261703625483984
5.261703625483984
5.261703625483984
5.261703625483984
5.261703625483984
5.261703625483984
5.261703625483984
5.261703625483984
5.261703625483984
5.261703625483984
5.261703625483984
5.261703625483984
5.261703625483984
5.261703625483984
5.261703625483984
5.261703625483984
5.261703625483984
5.261703625483984
5.261703625483984
5.261703625483984
5.261703625483984
5.261703625483984
5.261703625483984
5.261703625483984
5.261703625483984
5.261703625483984
5.261703625483984
5.261703625483984
5.261703625483984
5.261703625483984
5.261703625483984
5.261703625483984
5.261703625483984
5.261703625483984
5.261703625483984
5.261703625483984
5.261703625483984
5.261703625483984
5.261703625483984
5.261703625483984
5.261703625483984
5.261703625483984
5.261703625483984
5.261703625483984
5.261703625483984
5.261703625483984
5.261703625483984
5.261703625483984
5.261703625483984
5.261703625483984
5.261703625483984
5.261703625483984
5.261703625483984
5.261703625483984
5.261703625483984
5.261703625483984
5.261703625483984
5.261703625483984
5.261703625483984
5.261703625483984
5.261703625483984
5.261703625483984
5.261703625483984
5.261703625483984
5.261703625483984
5.261703625483984
5.261703625483984
5.261703625483984
5.261703625483984
5.261703625483984
5.261703625483984
5.261703625483984
5.261703625483984
5.261703625483984
4.6268375841303575
4.398933663249676
4.398933663249676
4.398933663249676
4.398933663249676
4.219350282485876
4.219350282485876
4.219350282485876
4.219350282485876
4.219350282485876
4.219350282485876
4.219350282485876
4.219350282485876
4.219350282485876
4.219350282485876
3.971112886048988
3.9616507430997876
3.9616507430997876
3.9616507430997876
3.952248677248677
3.952248677248677
3.952248677248677
3.952248677248677
3.952248677248677
3.952248677248677
3.952248677248677
3.952248677248677
3.952248677248677
3.952248677248677
3.952248677248677
3.952248677248677
3.952248677248677
3.952248677248677
3.952248677248677
3.952248677248677
3.8474532559638943
3.7845212711950453
3.7845212711950453
3.7697571075089633
3.7697571075089633
3.7697571075089633
3.7697571075089633
3.7457264957264957
3.6999822883457316
3.6999822883457316
3.6999822883457316
3.6649053821577784
3.520759613116301
3.520759613116301
3.520759613116301
3.515419020715631
3.515419020715631
3.515419020715631
3.515419020715631
3.515419020715631
3.515419020715631
3.515419020715631
3.51010101010101
3.51010101010101
3.51010101010101
3.51010101010101
3.51010101010101
3.51010101010101
3.51010101010101
3.51010101010101
3.51010101010101
3.51010101010101
3.51010101010101
3.51010101010101
3.51010101010101
3.51010101010101
3.51010101010101
3.51010101010101
3.51010101010101
3.51010101010101
3.51010101010101
3.51010101010101
3.51010101010101
3.51010101010101
3.51010101010101
3.51010101010101
3.51010101010101
3.51010101010101
3.51010101010101
3.4024418073938842
3.297874690703429
3.297874690703429
3.297874690703429
3.297874690703429
3.297874690703429
3.254228041462084
3.254228041462084
3.1680467091295115
3.1680467091295115
3.1680467091295115
3.1680467091295115
3.161164021164021
3.161164021164021
3.161164021164021
3.161164021164021
3.161164021164021
3.161164021164021
3.161164021164021
3.161164021164021
3.161164021164021
3.161164021164021
3.161164021164021
3.161164021164021
3.161164021164021
3.161164021164021
3.161164021164021
3.161164021164021
3.161164021164021
3.161164021164021
3.161164021164021
3.161164021164021
3.161164021164021
3.161164021164021
3.161164021164021
3.161164021164021
3.161164021164021
3.161164021164021
3.161164021164021
3.161164021164021
3.161164021164021
3.161164021164021
3.161164021164021
3.161164021164021
3.161164021164021
3.161164021164021
3.161164021164021
3.161164021164021
3.161164021164021
3.0820787578226474
3.0820787578226474
3.021175278622087
3.021175278622087
3.021175278622087
3.0126109765940274
3.0126109765940274
3.0126109765940274
3.0126109765940274
3.0126109765940274
3.0126109765940274
3.0126109765940274
3.0126109765940274
3.0126109765940274
2.941147437416094
2.930855033188013
2.930855033188013
2.930855033188013
2.930855033188013
2.930855033188013
2.930855033188013
2.930855033188013
2.8794634240494115
2.8794634240494115
2.8794634240494115
2.8794634240494115
2.8794634240494115
2.8444235537753073
2.8444235537753073
2.8444235537753073
2.8444235537753073
2.8191962174940897
2.8191962174940897
2.8191962174940897
2.8191962174940897
2.8003194888178915
2.7857890996147083
2.6512477718360072
2.6459665955934613
2.6459665955934613
2.6442137025204118
2.6442137025204118
2.642464539007092
2.642464539007092
2.642464539007092
2.6407190931633013
2.6407190931633013
2.6407190931633013
2.6407190931633013
2.6407190931633013
2.6389773531493277
2.6389773531493277
2.6389773531493277
2.6389773531493277
2.6389773531493277
2.6389773531493277
2.6372393071756806
2.6372393071756806
2.6372393071756806
2.6372393071756806
2.6372393071756806
2.6372393071756806
2.635504943502825
2.635504943502825
2.635504943502825
2.635504943502825
2.635504943502825
2.635504943502825
2.635504943502825
2.635504943502825
2.635504943502825
2.635504943502825
2.635504943502825
2.635504943502825
2.635504943502825
2.635504943502825
2.635504943502825
2.635504943502825
2.635504943502825
2.635504943502825
2.635504943502825
2.635504943502825
2.633774250440917
2.633774250440917
2.633774250440917
2.633774250440917
2.633774250440917
2.633774250440917
2.633774250440917
2.633774250440917
2.633774250440917
2.633774250440917
2.633774250440917
2.633774250440917
2.633774250440917
2.633774250440917
2.633774250440917
2.633774250440917
2.633774250440917
2.633774250440917
2.633774250440917
2.632047216349542
2.632047216349542
2.632047216349542
2.632047216349542
2.632047216349542
2.632047216349542
2.632047216349542
2.632047216349542
2.632047216349542
2.632047216349542
2.632047216349542
2.632047216349542
2.632047216349542
2.632047216349542
2.632047216349542
2.632047216349542
2.632047216349542
2.632047216349542
2.632047216349542
2.632047216349542
2.632047216349542
2.632047216349542
2.632047216349542
2.632047216349542
2.632047216349542
2.632047216349542
2.632047216349542
2.632047216349542
2.632047216349542
2.632047216349542
2.632047216349542
2.632047216349542
2.632047216349542
2.632047216349542
2.632047216349542
2.632047216349542
2.632047216349542
2.632047216349542
2.632047216349542
2.632047216349542
2.632047216349542
2.632047216349542
2.632047216349542
2.632047216349542
2.632047216349542
2.632047216349542
2.632047216349542
2.632047216349542
2.632047216349542
2.632047216349542
2.632047216349542
2.632047216349542
2.632047216349542
2.632047216349542
2.632047216349542
2.632047216349542
2.632047216349542
2.632047216349542
2.632047216349542
2.632047216349542
2.632047216349542
2.630323829637452
2.630323829637452
2.630323829637452
2.630323829637452
2.630323829637452
2.630323829637452
2.630323829637452
2.630323829637452
2.630323829637452
2.630323829637452
2.630323829637452
2.630323829637452
2.630323829637452
2.568630501676866
2.552538456460025
2.552538456460025
2.5045401042542457
2.4878583869239015
2.4865248226950354
2.4865248226950354
2.464175227299563
2.464175227299563
2.464175227299563
2.464175227299563
2.464175227299563
2.444690992767916
2.4354891393107954
2.4354891393107954
2.4354891393107954
2.4354891393107954
2.4354891393107954
2.4354891393107954
2.4044549977385796
2.4044549977385796
2.3970082586201356
2.3970082586201356
2.3970082586201356
2.3970082586201356
2.3970082586201356
2.3970082586201356
2.3970082586201356
2.3970082586201356
2.3536720481164926
2.3479117415287627
2.3479117415287627
2.3422002510985562
2.3422002510985562
2.3422002510985562
2.3422002510985562
2.3422002510985562
2.3422002510985562
2.3422002510985562
2.3422002510985562
2.3422002510985562
2.3285876912130914
2.309699344668792
2.309699344668792
2.309699344668792
2.309699344668792
2.295894236482472
2.269154456654457
2.269154456654457
2.2650996500836755
2.2650996500836755
2.261070670306339
2.261070670306339
2.261070670306339
2.261070670306339
2.2570672713529856
2.2570672713529856
2.2570672713529856
2.2570672713529856
2.2570672713529856
2.2570672713529856
2.2570672713529856
2.2570672713529856
2.2570672713529856
2.2570672713529856
2.2570672713529856
2.2570672713529856
2.2570672713529856
2.2570672713529856
2.2570672713529856
2.2570672713529856
2.2570672713529856
2.2570672713529856
2.2570672713529856
2.2570672713529856
2.2570672713529856
2.2570672713529856
2.2570672713529856
2.2570672713529856
2.2570672713529856
2.2570672713529856
2.2570672713529856
2.2570672713529856
2.2570672713529856
2.2570672713529856
2.2570672713529856
2.238575103302958
2.2238895110115715
2.1968157181571817
2.1968157181571817
2.1968157181571817
2.1968157181571817
2.1968157181571817
2.1968157181571817
2.1968157181571817
2.1733970952887
2.1733970952887
2.1122695035460994
2.1122695035460994
2.1099079971691435
2.1099079971691435
2.1099079971691435
2.1075564971751413
2.1075564971751413
2.1075564971751413
2.1075564971751413
2.1075564971751413
2.1075564971751413
2.1075564971751413
2.1075564971751413
2.1075564971751413
2.1075564971751413
2.1075564971751413
2.1075564971751413
2.1075564971751413
2.1075564971751413
2.1075564971751413
2.1075564971751413
2.1075564971751413
2.1075564971751413
2.1075564971751413
2.1075564971751413
2.1075564971751413
2.1075564971751413
2.1075564971751413
2.1075564971751413
2.1075564971751413
2.1075564971751413
2.1075564971751413
2.105214940098661
2.105214940098661
2.105214940098661
2.105214940098661
2.105214940098661
2.105214940098661
2.105214940098661
2.105214940098661
2.105214940098661
2.105214940098661
2.105214940098661
2.105214940098661
2.105214940098661
2.105214940098661
2.105214940098661
2.105214940098661
2.105214940098661
2.105214940098661
2.105214940098661
2.105214940098661
2.105214940098661
2.105214940098661
2.105214940098661
2.105214940098661
2.105214940098661
2.0673010140297263
2.0673010140297263
2.0673010140297263
2.0522395402841735
2.038434056118944
2.0328986933464543
2.0328986933464543
2.0274220300731436
2.0274220300731436
2.0274220300731436
2.0274220300731436
2.0274220300731436
2.0274220300731436
2.0274220300731436
2.0274220300731436
2.0274220300731436
2.0274220300731436
2.0274220300731436
2.0112799729821007
2.0112799729821007
2.0112799729821007
2.0112799729821007
2.004041514748153
1.9839075854700854
1.9839075854700854
1.9807641107561236
1.9776406581740977
1.9776406581740977
1.9776406581740977
1.9776406581740977
1.9776406581740977
1.9776406581740977
1.9776406581740977
1.974537037037037
1.974537037037037
1.974537037037037
1.974537037037037
1.974537037037037
1.974537037037037
1.974537037037037
1.974537037037037
1.974537037037037
1.974537037037037
1.974537037037037
1.974537037037037
1.974537037037037
1.974537037037037
1.974537037037037
1.974537037037037
1.974537037037037
1.974537037037037
1.9580896686159843
1.957211298007318
1.957211298007318
1.957211298007318
1.957211298007318
1.943835412122229
1.943835412122229
1.9273637664195604
1.9273637664195604
1.9194713088330109
1.9194713088330109
1.9194713088330109
1.9194713088330109
1.9155752439650744
1.9155752439650744
1.9155752439650744
1.9155752439650744
1.9155752439650744
1.9155752439650744
1.9155752439650744
1.9155752439650744
1.9155752439650744
1.9155752439650744
1.9155752439650744
1.901150159744409
1.901150159744409
1.8822274402868253
1.8822274402868253
1.8822274402868253
1.8822274402868253
1.8822274402868253
1.8822274402868253
1.8822274402868253
1.8822274402868253
1.8822274402868253
1.8822274402868253
1.8822274402868253
1.8822274402868253
1.8756211197943562
1.8609341825902335
1.8609341825902335
1.8609341825902335
1.8609341825902335
1.8609341825902335
1.8609341825902335
1.8609341825902335
1.8609341825902335
1.8609341825902335
1.846271696776479
1.846271696776479
1.846271696776479
1.846271696776479
1.846271696776479
1.835646006783842
1.8166410974742084
1.8166410974742084
1.8070628993227833
1.7628639334521687
1.7628639334521687
1.759614246834694
1.759614246834694
1.758806146572104
1.758806146572104
1.7571950931823543
1.7571950931823543
1.7571950931823543
1.7571950931823543
1.7571950931823543
1.7571950931823543
1.7563921291386826
1.7563921291386826
1.7563921291386826
1.7563921291386826
1.7563921291386826
1.7563921291386826
1.7563921291386826
1.7563921291386826
1.7563921291386826
1.7563921291386826
1.7555908662900188
1.7555908662900188
1.7555908662900188
1.7555908662900188
1.7555908662900188
1.7555908662900188
1.7555908662900188
1.7555908662900188
1.7555908662900188
1.7555908662900188
1.7555908662900188
1.7555908662900188
1.7555908662900188
1.7555908662900188
1.7555908662900188
1.7555908662900188
1.7555908662900188
1.7555908662900188
1.7547912992357437
1.7547912992357437
1.7547912992357437
1.7547912992357437
1.7547912992357437
1.7547912992357437
1.7547912992357437
1.7547912992357437
1.7547912992357437
1.7547912992357437
1.7547912992357437
1.7547912992357437
1.7547912992357437
1.7547912992357437
1.7547912992357437
1.7547912992357437
1.7547912992357437
1.7547912992357437
1.7547912992357437
1.7547912992357437
1.7547912992357437
1.7547912992357437
1.7547912992357437
1.7547912992357437
1.7547912992357437
1.7547912992357437
1.7547912992357437
1.7547912992357437
1.7547912992357437
1.7547912992357437
1.7547912992357437
1.7547912992357437
1.7547912992357437
1.7547912992357437
1.7547912992357437
1.7547912992357437
1.7547912992357437
1.7547912992357437
1.7547912992357437
1.7547912992357437
1.7547912992357437
1.7539934225980738
1.7539934225980738
1.7539934225980738
1.7539934225980738
1.7539934225980738
1.7539934225980738
1.7539934225980738
1.7539934225980738
1.7539934225980738
1.7539934225980738
1.7539934225980738
1.7539934225980738
1.7539934225980738
1.7539934225980738
1.7539934225980738
1.7539934225980738
1.7539934225980738
1.7539934225980738
1.7539934225980738
1.7539934225980738
1.7539934225980738
1.7539934225980738
1.7539934225980738
1.7539934225980738
1.7539934225980738
1.7539934225980738
1.7539934225980738
1.7539934225980738
1.7539934225980738
1.7539934225980738
1.7539934225980738
1.7539934225980738
1.7539934225980738
1.7539934225980738
1.7539934225980738
1.7539934225980738
1.7539934225980738
1.7539934225980738
1.7539934225980738
1.7539934225980738
1.7539934225980738
1.7539934225980738
1.7539934225980738
1.7539934225980738
1.7539934225980738
1.7539934225980738
1.7539934225980738
1.7539934225980738
1.7539934225980738
1.7539934225980738
1.7539934225980738
1.7539934225980738
1.7539934225980738
1.7539934225980738
1.7539934225980738
1.7539934225980738
1.7531972310219406
1.7531972310219406
1.7531972310219406
1.7531972310219406
1.7531972310219406
1.7531972310219406
1.7531972310219406
1.7531972310219406
1.7531972310219406
1.7531972310219406
1.7531972310219406
1.7531972310219406
1.7531972310219406
1.7531972310219406
1.7531972310219406
1.7531972310219406
1.7531972310219406
1.7531972310219406
1.7531972310219406
1.7531972310219406
1.7531972310219406
1.7531972310219406
1.7531972310219406
1.7531972310219406
1.7531972310219406
1.7531972310219406
1.7531972310219406
1.7531972310219406
1.7531972310219406
1.7531972310219406
1.7531972310219406
1.7531972310219406
1.7531972310219406
1.7531972310219406
1.7531972310219406
1.7531972310219406
1.7531972310219406
1.7531972310219406
1.7531972310219406
1.7531972310219406
1.7531972310219406
1.7531972310219406
1.7531972310219406
1.7531972310219406
1.7531972310219406
1.7531972310219406
1.7531972310219406
1.7531972310219406
1.7531972310219406
1.7531972310219406
1.7531972310219406
1.7531972310219406
1.7531972310219406
1.7531972310219406
1.7531972310219406
1.7531972310219406
1.7531972310219406
1.7531972310219406
1.7531972310219406
1.7531972310219406
1.7531972310219406
1.7531972310219406
1.7531972310219406
1.7531972310219406
1.7531972310219406
1.7531972310219406
1.7531972310219406
1.7531972310219406
1.7531972310219406
1.7531972310219406
1.7531972310219406
1.7531972310219406
1.7531972310219406
1.7531972310219406
1.7531972310219406
1.7531972310219406
1.7531972310219406
1.7531972310219406
1.7531972310219406
1.7531972310219406
1.7531972310219406
1.7531972310219406
1.7531972310219406
1.7531972310219406
1.7531972310219406
1.7531972310219406
1.7531972310219406
1.7531972310219406
1.7531972310219406
1.7531972310219406
1.7531972310219406
1.7531972310219406
1.7531972310219406
1.7531972310219406
1.7531972310219406
1.7531972310219406
1.7531972310219406
1.7531972310219406
1.7531972310219406
1.7531972310219406
1.7531972310219406
1.7531972310219406
1.7531972310219406
1.7531972310219406
1.7531972310219406
1.7531972310219406
1.7531972310219406
1.7531972310219406
1.7531972310219406
1.7531972310219406
1.7531972310219406
1.7531972310219406
1.7531972310219406
1.7531972310219406
1.7531972310219406
1.7531972310219406
1.7531972310219406
1.7531972310219406
1.7531972310219406
1.7531972310219406
1.7531972310219406
1.7531972310219406
1.7531972310219406
1.7531972310219406
1.7531972310219406
1.7531972310219406
1.7531972310219406
1.7531972310219406
1.7531972310219406
1.70908929206688
1.7032922942889241
1.7032922942889241
1.688113475177305
1.6777525520883652
1.6777525520883652
1.664375907922673
1.664375907922673
1.664375907922673
1.664375907922673
1.664375907922673
1.664375907922673
1.6497312544420752
1.6497312544420752
1.6497312544420752
1.6497312544420752
1.6462862318840579
1.6462862318840579
1.6462862318840579
1.6462862318840579
1.6462862318840579
1.6462862318840579
1.6462862318840579
1.6462862318840579
1.6462862318840579
1.6376005288090778
1.6359519565401919
1.6228587015821059
1.620219469795741
1.620219469795741
1.620219469795741
1.620219469795741
1.620219469795741
1.620219469795741
1.620219469795741
1.620219469795741
1.620219469795741
1.620219469795741
1.620219469795741
1.620219469795741
1.620219469795741
1.620219469795741
1.620219469795741
1.6191460507032396
1.5994163382223083
1.5845619658119658
1.5845619658119658
1.5826943556975506
1.5808386411889597
1.5808386411889597
1.5808386411889597
1.5808386411889597
1.5808386411889597
1.5808386411889597
1.5808386411889597
1.5808386411889597
1.578994708994709
1.578994708994709
1.578994708994709
1.578994708994709
1.578994708994709
1.578994708994709
1.578994708994709
1.578994708994709
1.578994708994709
1.578994708994709
1.5783098096117487
1.5695626255925081
1.5695626255925081
1.5695626255925081
1.5624376149198844
1.5624376149198844
1.5624376149198844
1.5619777895293496
1.56095851563766
1.5491339696005655
1.5491339696005655
1.5491339696005655
1.5491339696005655
1.5491339696005655
1.5491339696005655
1.5491339696005655
1.5491339696005655
1.5491339696005655
1.5491339696005655
1.5491339696005655
1.5491339696005655
1.5491339696005655
1.5491339696005655
1.5491339696005655
1.5491339696005655
1.5491339696005655
1.5373199315149368
1.5373199315149368
1.531330516335154
1.531330516335154
1.531330516335154
1.531330516335154
1.5074119199918774
1.5074119199918774
1.5063323201621075
1.5063323201621075
1.5063323201621075
1.505257304620362
1.505257304620362
1.505257304620362
1.504186844229217
1.504186844229217
1.504186844229217
1.504186844229217
1.504186844229217
1.504186844229217
1.504186844229217
1.504186844229217
1.504186844229217
1.504186844229217
1.504186844229217
1.504186844229217
1.504186844229217
1.504186844229217
1.504186844229217
1.504186844229217
1.504186844229217
1.504186844229217
1.504186844229217
1.504186844229217
1.504186844229217
1.504186844229217
1.5031209100976544
1.5031209100976544
1.5031209100976544
1.5031209100976544
1.5031209100976544
1.5031209100976544
1.5031209100976544
1.5031209100976544
1.5031209100976544
1.5031209100976544
1.5031209100976544
1.5031209100976544
1.5031209100976544
1.5031209100976544
1.5031209100976544
1.5031209100976544
1.5031209100976544
1.4884702040518476
1.4884702040518476
1.483874206259569
1.483874206259569
1.4831769169329074
1.4831769169329074
1.4831769169329074
1.4831769169329074
1.4755295784626283
1.4755295784626283
1.4755295784626283
1.4755295784626283
1.4702566251596425
1.4652432283029297
1.4627764031263502
1.4627764031263502
1.4627764031263502
1.4627764031263502
1.4627764031263502
1.4627764031263502
1.4627764031263502
1.4627764031263502
1.4627764031263502
1.4627764031263502
1.4627764031263502
1.4604353927257556
1.4540963560772806
1.4540963560772806
1.4509649590892921
1.4379417174944331
1.4379417174944331
1.4379417174944331
1.4365469986489094
1.4365469986489094
1.4365469986489094
1.435161135161135
1.435161135161135
1.435161135161135
1.435161135161135
1.435161135161135
1.435161135161135
1.435161135161135
1.435161135161135
1.435161135161135
1.435161135161135
1.435161135161135
1.435161135161135
1.435161135161135
1.435161135161135
1.435161135161135
1.435161135161135
1.435161135161135
1.435161135161135
1.435161135161135
1.435161135161135
1.435161135161135
1.435161135161135
1.435161135161135
1.435161135161135
1.435161135161135
1.435161135161135
1.435161135161135
1.435161135161135
1.435161135161135
1.435161135161135
1.435161135161135
1.435161135161135
1.435161135161135
1.4253539253539254
1.4184923294912668
1.4184923294912668
1.4184923294912668
1.4184923294912668
1.4184923294912668
1.4184923294912668
1.4152892382712514
1.4053427895981088
1.4053427895981088
1.4053427895981088
1.4036252354048964
1.4036252354048964
1.4036252354048964
1.4036252354048964
1.4036252354048964
1.4036252354048964
1.4036252354048964
1.4036252354048964
1.4036252354048964
1.4036252354048964
1.4036252354048964
1.395367412140575
1.395367412140575
1.395367412140575
1.395367412140575
1.3855091068073153
1.3855091068073153
1.3855091068073153
1.3855091068073153
1.376207729468599
1.373811501892366
1.373811501892366
1.373811501892366
1.373811501892366
1.373811501892366
1.373811501892366
1.373811501892366
1.37197504456328
1.3684207047875856
1.3656800619251912
1.3656800619251912
1.35973461450469
1.35973461450469
1.35973461450469
1.35973461450469
1.346653937079469
1.3186720142602495
1.3176528073916134
1.3173145189918354
1.3173145189918354
1.3169769503546098
1.3169769503546098
1.3169769503546098
1.3166400991852638
1.3166400991852638
1.3166400991852638
1.3166400991852638
1.3163039631988676
1.3163039631988676
1.3163039631988676
1.3163039631988676
1.3163039631988676
1.3163039631988676
1.3159685401201837
1.3159685401201837
1.3159685401201837
1.3159685401201837
1.3159685401201837
1.3159685401201837
1.315633827683616
1.315633827683616
1.315633827683616
1.315633827683616
1.315633827683616
1.315633827683616
1.315633827683616
1.315633827683616
1.315633827683616
1.315633827683616
1.315633827683616
1.315633827683616
1.315633827683616
1.315633827683616
1.315633827683616
1.315633827683616
1.315633827683616
1.315633827683616
1.315633827683616
1.315633827683616
1.315633827683616
1.315633827683616
1.315299823633157
1.315299823633157
1.315299823633157
1.315299823633157
1.315299823633157
1.315299823633157
1.315299823633157
1.315299823633157
1.315299823633157
1.315299823633157
1.315299823633157
1.315299823633157
1.3149665257223397
1.3149665257223397
1.3149665257223397
1.3149665257223397
1.3149665257223397
1.3149665257223397
1.3149665257223397
1.3149665257223397
1.3149665257223397
1.3149665257223397
1.3149665257223397
1.3149665257223397
1.3149665257223397
1.3149665257223397
1.3149665257223397
1.3149665257223397
1.3149665257223397
1.3149665257223397
1.3149665257223397
1.3149665257223397
1.3149665257223397
1.3149665257223397
1.3149665257223397
1.3149665257223397
1.3149665257223397
1.3149665257223397
1.3149665257223397
1.3149665257223397
1.3149665257223397
1.3149665257223397
1.3149665257223397
1.3149665257223397
1.3149665257223397
1.3149665257223397
1.3149665257223397
1.3149665257223397
1.3149665257223397
1.3149665257223397
1.3149665257223397
1.3149665257223397
1.3149665257223397
1.3149665257223397
1.3149665257223397
1.3149665257223397
1.3149665257223397
1.3149665257223397
1.3149665257223397
1.3149665257223397
1.3149665257223397
1.3149665257223397
1.3149665257223397
1.3149665257223397
1.3149665257223397
1.3149665257223397
1.3149665257223397
1.3149665257223397
1.3149665257223397
1.3149665257223397
1.314633931714185
1.314633931714185
1.314633931714185
1.314633931714185
1.314633931714185
1.314633931714185
1.314633931714185
1.314633931714185
1.314633931714185
1.314633931714185
1.314633931714185
1.314633931714185
1.314633931714185
1.314633931714185
1.314633931714185
1.314633931714185
1.314633931714185
1.314633931714185
1.314633931714185
1.314633931714185
1.2956096522534029
1.2852549101183977
1.2814523788964685
1.2814523788964685
1.2814523788964685
1.2814523788964685
1.2768106597893831
1.2768106597893831
1.2768106597893831
1.2768106597893831
1.2768106597893831
1.2709822028411937
1.2709822028411937
1.2650854700854701
1.2650854700854701
1.2633970276008493
1.2633970276008493
1.2633970276008493
1.2633970276008493
1.2601774086275965
1.255763112676296
1.2543997698581921
1.2530508845461126
1.2530508845461126
1.2530508845461126
1.2530508845461126
1.2530508845461126
1.2530508845461126
1.2530508845461126
1.2530508845461126
1.2530508845461126
1.2530508845461126
1.2530508845461126
1.2530508845461126
1.2530508845461126
1.2530508845461126
1.2530508845461126
1.2530508845461126
1.2530508845461126
1.2459860638470264
1.2390070921985816
1.2390070921985816
1.237994350282486
1.237994350282486
1.237994350282486
1.237994350282486
1.237994350282486
1.237994350282486
1.237994350282486
1.237994350282486
1.237994350282486
1.2331153447323207
1.2283681662533947
1.2283681662533947
1.2249797524007868
1.2249797524007868
1.2159352399737016
1.2145598562796016
1.2145598562796016
1.2145598562796016
1.2145598562796016
1.2145598562796016
1.213878713878714
1.213878713878714
1.213878713878714
1.213878713878714
1.213878713878714
1.213878713878714
1.213878713878714
1.213878713878714
1.213878713878714
1.213878713878714
1.213878713878714
1.213878713878714
1.213878713878714
1.213878713878714
1.213878713878714
1.213878713878714
1.213878713878714
1.213878713878714
1.213878713878714
1.2096687377868267
1.207180866832681
1.2033637284701115
1.2033637284701115
1.1968970084641726
1.1958530158424114
1.1958530158424114
1.1958530158424114
1.1958530158424114
1.1958530158424114
1.1958530158424114
1.1958530158424114
1.1958530158424114
1.1958530158424114
1.1958530158424114
1.1958530158424114
1.1958530158424114
1.1958530158424114
1.1958530158424114
1.1885034223486797
1.1885034223486797
1.1885034223486797
1.1885034223486797
1.1885034223486797
1.1846246006389776
1.170790705051947
1.170062386480297
1.170062386480297
1.1697005516154453
1.1697005516154453
1.1693402532043722
1.1693402532043722
1.1693402532043722
1.1693402532043722
1.1693402532043722
1.1693402532043722
1.1693402532043722
1.1689814814814814
1.1689814814814814
1.1689814814814814
1.1689814814814814
1.1689814814814814
1.1689814814814814
1.1689814814814814
1.1689814814814814
1.1689814814814814
1.1689814814814814
1.1689814814814814
1.1689814814814814
1.1689814814814814
1.1689814814814814
1.1689814814814814
1.1689814814814814
1.1689814814814814
1.1689814814814814
1.1689814814814814
1.1686242267637617
1.1686242267637617
1.1686242267637617
1.1686242267637617
1.1686242267637617
1.1686242267637617
1.1686242267637617
1.1686242267637617
1.1686242267637617
1.1686242267637617
1.1686242267637617
1.1686242267637617
1.1686242267637617
1.1686242267637617
1.1686242267637617
1.1686242267637617
1.1686242267637617
1.1686242267637617
1.1686242267637617
1.1686242267637617
1.1554975453907894
1.1554975453907894
1.1511302249380093
1.1511302249380093
1.1511302249380093
1.1511302249380093
1.1443944871913723
1.1436288748520755
1.1436288748520755
1.1436288748520755
1.1436288748520755
1.1436288748520755
1.1436288748520755
1.1436288748520755
1.1436288748520755
1.1354796632277955
1.128166971916972
1.1277574927734673
1.1273506217773734
1.1273506217773734
1.1273506217773734
1.1269463340891912
1.1269463340891912
1.1269463340891912
1.1269463340891912
1.1269463340891912
1.1269463340891912
1.1269463340891912
1.1269463340891912
1.1269463340891912
1.1269463340891912
1.1269463340891912
1.1269463340891912
1.1269463340891912
1.1269463340891912
1.1269463340891912
1.1269463340891912
1.1220624762572688
1.1160220697946521
1.108149647623332
1.1076894363568495
1.1076894363568495
1.1076894363568495
1.1076894363568495
1.107233125185846
1.107233125185846
1.107233125185846
1.107233125185846
1.107233125185846
1.107233125185846
1.107233125185846
1.107233125185846
1.107233125185846
1.107233125185846
1.107233125185846
1.107233125185846
1.107233125185846
1.0962671760246387
1.0962671760246387
1.0957567456109343
1.0957567456109343
1.0957567456109343
1.0957567456109343
1.0957567456109343
1.0957567456109343
1.0957567456109343
1.0957567456109343
1.0957567456109343
1.0957567456109343
1.0957567456109343
1.0888225758915413
1.0882568270005124
1.0882568270005124
1.0882568270005124
1.0882568270005124
1.0829791002479632
1.0829791002479632
1.0829791002479632
1.0829791002479632
1.0829791002479632
1.0736768054769883
1.05193468228612
1.0518794326241134
1.0518794326241134
1.0518243003896564
1.0518243003896564
1.0517692852087757
1.0517692852087757
1.0517692852087757
1.0517692852087757
1.0517692852087757
1.0517692852087757
1.0517692852087757
1.0517143867090846
1.0517143867090846
1.0517143867090846
1.0517143867090846
1.0517143867090846
1.0517143867090846
1.0517143867090846
1.0517143867090846
1.0517143867090846
1.0517143867090846
1.0517143867090846
1.0517143867090846
1.051659604519774
1.051659604519774
1.051659604519774
1.051659604519774
1.051659604519774
1.051659604519774
1.051659604519774
1.051659604519774
1.051659604519774
1.051659604519774
1.051659604519774
1.051659604519774
1.051659604519774
1.051659604519774
1.051659604519774
1.0516049382716048
1.0516049382716048
1.0516049382716048
1.0516049382716048
1.0516049382716048
1.0516049382716048
1.0516049382716048
1.0516049382716048
1.0516049382716048
1.0516049382716048
1.0516049382716048
1.0516049382716048
1.0516049382716048
1.0516049382716048
1.0516049382716048
1.0516049382716048
1.0516049382716048
1.0516049382716048
1.0516049382716048
1.0516049382716048
1.0516049382716048
1.0516049382716048
1.0516049382716048
1.0516049382716048
1.0516049382716048
1.0515503875968992
1.0515503875968992
1.0515503875968992
1.0515503875968992
1.0515503875968992
1.0515503875968992
1.0515503875968992
1.0515503875968992
1.0515503875968992
1.0515503875968992
1.0515503875968992
1.0515503875968992
1.0515503875968992
1.0515503875968992
1.0515503875968992
1.0515503875968992
1.0515503875968992
1.0515503875968992
1.0515503875968992
1.0515503875968992
1.0515503875968992
1.0515503875968992
1.0515503875968992
1.0515503875968992
1.0515503875968992
1.0515503875968992
1.0515503875968992
1.0515503875968992
1.0515503875968992
1.0515503875968992
1.0515503875968992
1.0515503875968992
1.0515503875968992
1.0515503875968992
1.0515503875968992
1.0515503875968992
1.0515503875968992
1.0515503875968992
1.051495952129532
1.051495952129532
1.051495952129532
1.051495952129532
1.051495952129532
1.051495952129532
1.051495952129532
1.051495952129532
1.051495952129532
1.051495952129532
1.051495952129532
1.051495952129532
1.051495952129532
1.051495952129532
1.051495952129532
1.051495952129532
1.051495952129532
1.051495952129532
1.051495952129532
1.051495952129532
1.051495952129532
1.051495952129532
1.051495952129532
1.051495952129532
1.051495952129532
1.051495952129532
1.051495952129532
1.051495952129532
1.051495952129532
1.051495952129532
1.051495952129532
1.051495952129532
1.051495952129532
1.051495952129532
1.051495952129532
1.051495952129532
1.051495952129532
1.051495952129532
1.051495952129532
1.051495952129532
1.051495952129532
1.051495952129532
1.051495952129532
1.051495952129532
1.051495952129532
1.051495952129532
1.051495952129532
1.051495952129532
1.051495952129532
1.051495952129532
1.051495952129532
1.051495952129532
1.051495952129532
1.051495952129532
1.051495952129532
1.051495952129532
1.051495952129532
1.051495952129532
1.051495952129532
1.051495952129532
1.051495952129532
1.051495952129532
1.051495952129532
1.051495952129532
1.051495952129532
1.051495952129532
1.051495952129532
1.051495952129532
1.051495952129532
1.051495952129532
1.051495952129532
1.051495952129532
1.051495952129532
1.051495952129532
1.051495952129532
1.051495952129532
1.051495952129532
1.051495952129532
1.051495952129532
1.051495952129532
1.051495952129532
1.051495952129532
1.051495952129532
1.051495952129532
1.051495952129532
1.051495952129532
1.051495952129532
1.051495952129532
1.051495952129532
1.051495952129532
1.051495952129532
1.051495952129532
1.051495952129532
1.051495952129532
1.0330493723636733
1.0330493723636733
1.0288581747464927
1.0260162601626017
1.0260162601626017
1.0224003227457
1.0224003227457
1.0224003227457
1.0224003227457
1.0224003227457
1.0176357783713443
1.0176357783713443
1.0176357783713443
1.0176357783713443
1.0176357783713443
1.0176357783713443
1.01111885626811
1.01111885626811
1.0110599015689155
1.0110599015689155
1.0110599015689155
1.0110599015689155
1.0110599015689155
1.0013788001076136
1.0013788001076136
1.0013788001076136
1.0013788001076136
1.0013788001076136
1.0013788001076136
1.0013788001076136
1.0013788001076136
1.0013788001076136
1.0013788001076136
1.0013788001076136
1.0013788001076136
0.9970221666114648
0.9918399914175752
0.9856812169312169
0.9856812169312169
0.9856812169312169
0.9856812169312169
0.9856812169312169
0.9856812169312169
0.9856812169312169
0.9856812169312169
0.9856812169312169
0.9856812169312169
0.9856812169312169
0.9856356157112527
0.9856356157112527
0.9856356157112527
0.9856356157112527
0.9856356157112527
0.9856356157112527
0.9856356157112527
0.9855897231096912
0.9734168597724625
0.9734168597724625
0.9734168597724625
0.9734168597724625
0.9734168597724625
0.9734168597724625
0.9734168597724625
0.9734168597724625
0.9734168597724625
0.9681982586647278
0.9681982586647278
0.9681982586647278
0.9557627010058299
0.9557627010058299
0.9557627010058299
0.9557627010058299
0.9557627010058299
0.9557627010058299
0.9557627010058299
0.9557627010058299
0.9557627010058299
0.9557627010058299
0.9557627010058299
0.9557627010058299
0.9557627010058299
0.9557627010058299
0.9557627010058299
0.9557627010058299
0.9556689779147406
0.9556689779147406
0.9556689779147406
0.9556689779147406
0.9556689779147406
0.9556689779147406
0.9556689779147406
0.9556689779147406
0.9556689779147406
0.9556689779147406
0.9556689779147406
0.9556689779147406
0.9556689779147406
0.9556689779147406
0.9555748568487422
0.9555748568487422
0.9555748568487422
0.9555748568487422
0.9555748568487422
0.9555748568487422
0.9554803352675693
0.9553854106092912
0.9552900802900803
0.9431819213965866
0.9431819213965866
0.9384626066757562
0.9384626066757562
0.9384626066757562
0.9384626066757562
0.9384626066757562
0.9384626066757562
0.9384626066757562
0.9384626066757562
0.9384626066757562
0.9384626066757562
0.9384626066757562
0.9384626066757562
0.9340583136327817
0.9340583136327817
0.9275132275132275
0.9275132275132275
0.9275132275132275
0.9275132275132275
0.9275132275132275
0.9275132275132275
0.9275132275132275
0.9275132275132275
0.9275132275132275
0.9275132275132275
0.9275132275132275
0.9275132275132275
0.9275132275132275
0.9275132275132275
0.9275132275132275
0.9275132275132275
0.9275132275132275
0.9272823779193206
0.9270500532481363
0.9270500532481363
0.9194164009918526
0.9194164009918526
0.9139339228690739
0.9139339228690739
0.9139339228690739
0.9139339228690739
0.9139339228690739
0.9139339228690739
0.9139339228690739
0.9139339228690739
0.9139339228690739
0.9139339228690739
0.9139339228690739
0.9139339228690739
0.9135676842429848
0.9135676842429848
0.9135676842429848
0.9090378471368886
0.9090378471368886
0.9090378471368886
0.9090378471368886
0.9059189917236504
0.9059189917236504
0.9059189917236504
0.9059189917236504
0.9059189917236504
0.9006066120715802
0.9006066120715802
0.9006066120715802
0.9006066120715802
0.8968101742653983
0.8968101742653983
0.8968101742653983
0.8939489965293497
0.8917053469166315
0.8898907400045776
0.8760706324064297
0.8760706324064297
0.8760706324064297
0.8760706324064297
0.8760706324064297
0.8760706324064297
0.8760706324064297
0.8760706324064297
0.8760706324064297
0.8760706324064297
0.8760706324064297
0.8760706324064297
0.8760706324064297
0.8760706324064297
0.8760706324064297
0.8759396288466056
0.8759396288466056
0.8759396288466056
0.8759396288466056
0.8759396288466056
0.8759396288466056
0.8759396288466056
0.8759396288466056
0.8759396288466056
0.8759396288466056
0.8759396288466056
0.8759396288466056
0.8759396288466056
0.8759396288466056
0.8759396288466056
0.8759396288466056
0.8759396288466056
0.8759396288466056
0.8759396288466056
0.8759396288466056
0.8759396288466056
0.8759396288466056
0.8759396288466056
0.8759396288466056
0.8759396288466056
0.8759396288466056
0.8759396288466056
0.8759396288466056
0.8759396288466056
0.8759396288466056
0.8759396288466056
0.8759396288466056
0.8759396288466056
0.8758083480305703
0.8758083480305703
0.8758083480305703
0.8758083480305703
0.8758083480305703
0.8758083480305703
0.8758083480305703
0.8758083480305703
0.8758083480305703
0.8758083480305703
0.8758083480305703
0.8758083480305703
0.8756767890772128
0.8756767890772128
0.8756767890772128
0.8756767890772128
0.8756767890772128
0.8756767890772128
0.8756767890772128
0.8756767890772128
0.8756767890772128
0.8756767890772128
0.8756767890772128
0.875544951101685
0.875544951101685
0.875544951101685
0.875544951101685
0.875544951101685
0.875412833215381
0.875412833215381
0.875412833215381
0.875412833215381
0.875412833215381
0.875412833215381
0.875412833215381
0.875412833215381
0.8751477541371159
0.8571139093935447
0.8571139093935447
0.8547520780301345
0.8547520780301345
0.8547520780301345
0.8547520780301345
0.8515808802433006
0.8515808802433006
0.8515808802433006
0.8515808802433006
0.8515808802433006
0.8515808802433006
0.8471305260037173
0.8471305260037173
0.8404802259887005
0.8404802259887005
0.8404802259887005
0.8404802259887005
0.8404802259887005
0.8404802259887005
0.8404802259887005
0.8404802259887005
0.8404802259887005
0.8404802259887005
0.8404802259887005
0.8295460874408243
0.8295460874408243
0.8295460874408243
0.8295460874408243
0.8295460874408243
0.8295460874408243
0.8295460874408243
0.8295460874408243
0.8295460874408243
0.8295460874408243
0.8295460874408243
0.8295460874408243
0.8295460874408243
0.8295460874408243
0.8295460874408243
0.8295460874408243
0.8295460874408243
0.8295460874408243
0.8295460874408243
0.8290032405855403
0.8290032405855403
0.8290032405855403
0.8231678486997636
0.8204920024743726
0.8204920024743726
0.8204920024743726
0.8204920024743726
0.8204920024743726
0.8204920024743726
0.8204920024743726
0.8083970293272619
0.8083970293272619
0.8083970293272619
0.8083970293272619
0.8083970293272619
0.8083970293272619
0.8083970293272619
0.8083970293272619
0.8083970293272619
0.8083970293272619
0.8083970293272619
0.8079910908300739
0.8079910908300739
0.8079910908300739
0.8079910908300739
0.8079910908300739
0.8079910908300739
0.8079910908300739
0.8079910908300739
0.8075834286025368
0.8075834286025368
0.8075834286025368
0.8075834286025368
0.8071740316421168
0.8071740316421168
0.8000487355823902
0.7985222319764667
0.7954679349165034
0.7954679349165034
0.7954679349165034
0.7954679349165034
0.7954679349165034
0.7954679349165034
0.7954679349165034
0.7879100529100529
0.7879100529100529
0.7879100529100529
0.7879100529100529
0.7879100529100529
0.7879100529100529
0.7879100529100529
0.7879100529100529
0.7879100529100529
0.7879100529100529
0.7879100529100529
0.7879100529100529
0.7872346072186837
0.7872346072186837
0.7872346072186837
0.7872346072186837
0.7872346072186837
0.7865548455804047
0.78137412289627
0.78137412289627
0.7779085582757899
0.7779085582757899
0.7779085582757899
0.7779085582757899
0.7779085582757899
0.7779085582757899
0.7779085582757899
0.776963488311006
0.7719158713326264
0.7719158713326264
0.7719158713326264
0.7678784112681891
0.7678784112681891
0.7678784112681891
0.7649405183610816
0.7649405183610816
0.7507668326042138
0.7507668326042138
0.7507668326042138
0.7507668326042138
0.7507668326042138
0.7507668326042138
0.7507668326042138
0.7507668326042138
0.7507668326042138
0.7507668326042138
0.7507668326042138
0.7507668326042138
0.7507668326042138
0.7507668326042138
0.7507668326042138
0.7507668326042138
0.7507668326042138
0.7507668326042138
0.7507668326042138
0.7507668326042138
0.7507668326042138
0.7507668326042138
0.7507668326042138
0.7507668326042138
0.7507668326042138
0.7507668326042138
0.7507668326042138
0.7507668326042138
0.7507668326042138
0.7507668326042138
0.7507668326042138
0.7507668326042138
0.7507668326042138
0.7507668326042138
0.7507668326042138
0.7507668326042138
0.7507668326042138
0.7507668326042138
0.7507668326042138
0.7507668326042138
0.7507668326042138
0.7507668326042138
0.7507668326042138
0.7507668326042138
0.7507668326042138
0.7507668326042138
0.7507668326042138
0.7507668326042138
0.7507668326042138
0.7507668326042138
0.7507668326042138
0.7507668326042138
0.7507668326042138
0.7507668326042138
0.7507668326042138
0.7507668326042138
0.7507668326042138
0.7507668326042138
0.7507668326042138
0.7507668326042138
0.7507668326042138
0.7507668326042138
0.7505033725963959
0.7505033725963959
0.7505033725963959
0.7505033725963959
0.7505033725963959
0.7505033725963959
0.7505033725963959
0.7505033725963959
0.7505033725963959
0.7505033725963959
0.7505033725963959
0.7505033725963959
0.7505033725963959
0.7505033725963959
0.7505033725963959
0.7505033725963959
0.7505033725963959
0.7505033725963959
0.7505033725963959
0.7505033725963959
0.7505033725963959
0.7505033725963959
0.7505033725963959
0.7505033725963959
0.7505033725963959
0.7505033725963959
0.7505033725963959
0.7502393550012597
0.7502393550012597
0.7502393550012597
0.7502393550012597
0.7502393550012597
0.7502393550012597
0.7502393550012597
0.7502393550012597
0.7502393550012597
0.7502393550012597
0.7502393550012597
0.7502393550012597
0.7502393550012597
0.7499747780468119
0.7499747780468119
0.7499747780468119
0.7499747780468119
0.7499747780468119
0.7499747780468119
0.7499747780468119
0.7499747780468119
0.7499747780468119
0.7497096399535423
0.7497096399535423
0.7497096399535423
0.7497096399535423
0.7497096399535423
0.7494439389343848
0.7489108409321176
0.7318668839184318
0.7318668839184318
0.7287370880955186
0.7287370880955186
0.7287370880955186
0.7287370880955186
0.7239674654198325
0.7239674654198325
0.7239674654198325
0.7239674654198325
0.7239674654198325
0.7239674654198325
0.7239674654198325
0.7239674654198325
0.7239674654198325
0.7239674654198325
0.7239674654198325
0.7195064352343842
0.715993265993266
0.715993265993266
0.715993265993266
0.715993265993266
0.715993265993266
0.715993265993266
0.715993265993266
0.715993265993266
0.715993265993266
0.715993265993266
0.715993265993266
0.715993265993266
0.715993265993266
0.7150887859486585
0.7150887859486585
0.7150887859486585
0.7103978843611011
0.7088981876892799
0.7088981876892799
0.7088981876892799
0.700328870096312
0.700328870096312
0.700328870096312
0.700328870096312
0.700328870096312
0.700328870096312
0.700328870096312
0.700328870096312
0.700328870096312
0.700328870096312
0.700328870096312
0.700328870096312
0.700328870096312
0.700328870096312
0.700328870096312
0.700328870096312
0.700328870096312
0.700328870096312
0.700328870096312
0.700328870096312
0.700328870096312
0.6996939736346516
0.6996939736346516
0.6996939736346516
0.6996939736346516
0.6996939736346516
0.6996939736346516
0.6996939736346516
0.6996939736346516
0.6901034399360012
0.6901034399360012
0.6901034399360012
0.6901034399360012
0.6901034399360012
0.684725097768576
0.684725097768576
0.684725097768576
0.684725097768576
0.684725097768576
0.684725097768576
0.684725097768576
0.684725097768576
0.684725097768576
0.684725097768576
0.684725097768576
0.684725097768576
0.684725097768576
0.684725097768576
0.684725097768576
0.684725097768576
0.684725097768576
0.684725097768576
0.684725097768576
0.6837210375703868
0.6837210375703868
0.6791205835662087
0.6791205835662087
0.6791205835662087
0.6769865135775469
0.6769865135775469
0.6769865135775469
0.6769865135775469
0.6769865135775469
0.6769865135775469
0.6769865135775469
0.6769865135775469
0.6769865135775469
0.6722725254008393
0.6722725254008393
0.6722725254008393
0.6722725254008393
0.6722725254008393
0.6690382617337489
0.6690382617337489
0.6666376839596818
0.6567889827525519
0.6567889827525519
0.6567889827525519
0.6567889827525519
0.6567889827525519
0.6567889827525519
0.6567889827525519
0.6567889827525519
0.6567889827525519
0.6567889827525519
0.6567889827525519
0.6567889827525519
0.6567889827525519
0.6567889827525519
0.6567889827525519
0.6567889827525519
0.6564261804087386
0.6564261804087386
0.6564261804087386
0.6564261804087386
0.6564261804087386
0.6564261804087386
0.6564261804087386
0.6564261804087386
0.6564261804087386
0.6564261804087386
0.6564261804087386
0.6564261804087386
0.6564261804087386
0.6564261804087386
0.6564261804087386
0.6564261804087386
0.6564261804087386
0.6564261804087386
0.6564261804087386
0.6564261804087386
0.6564261804087386
0.6564261804087386
0.6564261804087386
0.6564261804087386
0.6564261804087386
0.6564261804087386
0.6564261804087386
0.6564261804087386
0.6564261804087386
0.6564261804087386
0.6564261804087386
0.6564261804087386
0.6560626102292769
0.6560626102292769
0.6560626102292769
0.6560626102292769
0.6560626102292769
0.6556982697740112
0.6556982697740112
0.6556982697740112
0.6556982697740112
0.6553331565924355
0.6553331565924355
0.6553331565924355
0.6549672682236376
0.6549672682236376
0.6546006021962452
0.644037097654119
0.6414706009792452
0.6392200984576124
0.6392200984576124
0.6357002225646293
0.6357002225646293
0.6357002225646293
0.63177165402421
0.63177165402421
0.6296931216931216
0.6296931216931216
0.6296931216931216
0.6296931216931216
0.6296931216931216
0.6296931216931216
0.6296931216931216
0.6296931216931216
0.6296931216931216
0.6296931216931216
0.6296931216931216
0.6296931216931216
0.6296931216931216
0.6296931216931216
0.6285138004246285
0.6285138004246285
0.6238743288053998
0.620937576925617
0.620937576925617
0.6176885130373503
0.6176885130373503
0.6176885130373503
0.6176885130373503
0.6176885130373503
0.6176885130373503
0.6176885130373503
0.6176885130373503
0.6176885130373503
0.6168785310734464
0.6168785310734464
0.6168785310734464
0.6168785310734464
0.6168785310734464
0.6168785310734464
0.6168785310734464
0.6168785310734464
0.6168785310734464
0.616065109695683
0.6092423158811973
0.6092423158811973
0.6092423158811973
0.6092423158811973
0.6092423158811973
0.6092423158811973
0.6053520553520554
0.6053520553520554
0.6053520553520554
0.6053520553520554
0.6053520553520554
0.6053520553520554
0.6053520553520554
0.6053520553520554
0.6053520553520554
0.6053520553520554
0.6053520553520554
0.6053520553520554
0.6053520553520554
0.5991323648103309
0.5991323648103309
0.5991323648103309
0.5952753944535493
0.5836950995345926
0.5836950995345926
0.5836950995345926
0.5836950995345926
0.5836950995345926
0.5836950995345926
0.5836950995345926
0.5836950995345926
0.5836950995345926
0.5836950995345926
0.5836950995345926
0.5836950995345926
0.5836950995345926
0.5836950995345926
0.5836950995345926
0.5836950995345926
0.5836950995345926
0.5836950995345926
0.5836950995345926
0.5836950995345926
0.5836950995345926
0.5836950995345926
0.5836950995345926
0.5836950995345926
0.5836950995345926
0.5836950995345926
0.5836950995345926
0.5836950995345926
0.5836950995345926
0.5836950995345926
0.5836950995345926
0.5836950995345926
0.5836950995345926
0.5836950995345926
0.5836950995345926
0.5836950995345926
0.5836950995345926
0.5836950995345926
0.5836950995345926
0.5836950995345926
0.5836950995345926
0.5836950995345926
0.5836950995345926
0.5836950995345926
0.5836950995345926
0.5836950995345926
0.5836950995345926
0.5836950995345926
0.5836950995345926
0.5836950995345926
0.5836950995345926
0.5832550309294495
0.5832550309294495
0.5832550309294495
0.5832550309294495
0.5832550309294495
0.5832550309294495
0.5832550309294495
0.5832550309294495
0.5832550309294495
0.5832550309294495
0.5832550309294495
0.5832550309294495
0.5832550309294495
0.5832550309294495
0.5832550309294495
0.5832550309294495
0.5832550309294495
0.5832550309294495
0.5832550309294495
0.5832550309294495
0.5832550309294495
0.5832550309294495
0.5828140309621791
0.5828140309621791
0.5828140309621791
0.5828140309621791
0.5828140309621791
0.5828140309621791
0.5828140309621791
0.5828140309621791
0.5823720966729441
0.5823720966729441
0.5823720966729441
0.5819292250893523
0.5810406580863542
0.5718456650726178
0.5691633239583813
0.5691633239583813
0.5691633239583813
0.566517788975416
0.566517788975416
0.566517788975416
0.561885865457294
0.561885865457294
0.561885865457294
0.561885865457294
0.561885865457294
0.561885865457294
0.561885865457294
0.561885865457294
0.561885865457294
0.5569406526627708
0.5524461258855383
0.5524461258855383
0.5524461258855383
0.5524461258855383
0.5524461258855383
0.5524461258855383
0.5524461258855383
0.5524461258855383
0.5524461258855383
0.5524461258855383
0.5524461258855383
0.5524461258855383
0.5524461258855383
0.5524461258855383
0.5514979185251264
0.5514979185251264
0.5514979185251264
0.5452272593378108
0.5424010217113665
0.5424010217113665
0.5424010217113665
0.5424010217113665
0.5424010217113665
0.5424010217113665
0.5424010217113665
0.5424010217113665
0.5424010217113665
0.5424010217113665
0.5377701027275947
0.5372482978415182
0.5372482978415182
0.5372482978415182
0.5372482978415182
0.5339919636995838
0.5252199929602253
0.5252199929602253
0.5252199929602253
0.5252199929602253
0.5252199929602253
0.5252199929602253
0.5252199929602253
0.5252199929602253
0.5252199929602253
0.5252199929602253
0.5252199929602253
0.5252199929602253
0.5247181113460183
0.5247181113460183
0.5247181113460183
0.5247181113460183
0.5247181113460183
0.5247181113460183
0.5247181113460183
0.5247181113460183
0.5247181113460183
0.5247181113460183
0.5247181113460183
0.5247181113460183
0.5247181113460183
0.5247181113460183
0.5247181113460183
0.5247181113460183
0.5247181113460183
0.5247181113460183
0.5247181113460183
0.5247181113460183
0.5247181113460183
0.5247181113460183
0.5242151675485008
0.5242151675485008
0.5242151675485008
0.5237111581920904
0.5237111581920904
0.5237111581920904
0.5237111581920904
0.51284317190998
0.5072025942993685
0.5072025942993685
0.5072025942993685
0.5072025942993685
0.505633175809876
0.5025207211826027
0.49963086009597635
0.49963086009597635
0.49963086009597635
0.49963086009597635
0.49963086009597635
0.49963086009597635
0.49963086009597635
0.4912533068783069
0.4912533068783069
0.4912533068783069
0.4912533068783069
0.4912533068783069
0.48963309447983017
0.4840573164185748
0.47737672394483377
0.47737672394483377
0.47737672394483377
0.47737672394483377
0.47737672394483377
0.47737672394483377
0.47737672394483377
0.47737672394483377
0.47737672394483377
0.47737672394483377
0.47737672394483377
0.47737672394483377
0.47737672394483377
0.47737672394483377
0.47737672394483377
0.47737672394483377
0.47737672394483377
0.47737672394483377
0.47737672394483377
0.47737672394483377
0.47737672394483377
0.47737672394483377
0.47737672394483377
0.47737672394483377
0.47737672394483377
0.47737672394483377
0.47737672394483377
0.47737672394483377
0.47737672394483377
0.47737672394483377
0.47737672394483377
0.47737672394483377
0.47737672394483377
0.47737672394483377
0.47737672394483377
0.47737672394483377
0.47737672394483377
0.47737672394483377
0.47737672394483377
0.47737672394483377
0.47737672394483377
0.47737672394483377
0.47682426805048367
0.47682426805048367
0.47682426805048367
0.47682426805048367
0.47682426805048367
0.47682426805048367
0.47682426805048367
0.47682426805048367
0.47682426805048367
0.47682426805048367
0.47682426805048367
0.47682426805048367
0.47682426805048367
0.47682426805048367
0.47682426805048367
0.47682426805048367
0.4762706429373096
0.4762706429373096
0.4762706429373096
0.4762706429373096
0.4762706429373096
0.4762706429373096
0.4762706429373096
0.4757158448895737
0.4757158448895737
0.4751598701757769
0.46505021971123667
0.4621693121693122
0.45600085792199035
0.45600085792199035
0.45600085792199035
0.45600085792199035
0.45484831736674036
0.45484831736674036
0.45484831736674036
0.45484831736674036
0.45484831736674036
0.45484831736674036
0.45030838239416876
0.4488737717309146
0.4488737717309146
0.4488737717309146
0.4488737717309146
0.4488737717309146
0.44508053852626517
0.44508053852626517
0.4375073330986742
0.4375073330986742
0.4375073330986742
0.4375073330986742
0.4375073330986742
0.4375073330986742
0.4375073330986742
0.4375073330986742
0.4375073330986742
0.4375073330986742
0.4375073330986742
0.4375073330986742
0.4369127319708715
0.4369127319708715
0.4369127319708715
0.4369127319708715
0.4369127319708715
0.4369127319708715
0.4369127319708715
0.4369127319708715
0.4369127319708715
0.4369127319708715
0.4369127319708715
0.43631687242798356
0.4357197504708098
0.42443872443872444
0.4209141495342022
0.41935165609584213
0.41935165609584213
0.41935165609584213
0.41935165609584213
0.41935165609584213
0.41935165609584213
0.41935165609584213
0.41935165609584213
0.41935165609584213
0.41812146892655366
0.4037716946903853
0.4037716946903853
0.4037716946903853
0.4037716946903853
0.4037716946903853
0.4037716946903853
0.4037716946903853
0.4037716946903853
0.4037716946903853
0.4037716946903853
0.4037716946903853
0.4037716946903853
0.4037716946903853
0.4037716946903853
0.4037716946903853
0.4037716946903853
0.4037716946903853
0.4037716946903853
0.4037716946903853
0.4037716946903853
0.4037716946903853
0.4037716946903853
0.4037716946903853
0.4037716946903853
0.4037716946903853
0.4037716946903853
0.4037716946903853
0.4037716946903853
0.4037716946903853
0.4037716946903853
0.4037716946903853
0.4037716946903853
0.4037716946903853
0.40314143221119964
0.40314143221119964
0.40314143221119964
0.40314143221119964
0.40314143221119964
0.40314143221119964
0.40314143221119964
0.40314143221119964
0.40314143221119964
0.4025098358431692
0.4025098358431692
0.40187690134724036
0.40187690134724036
0.39236772486772487
0.39236772486772487
0.3881319656513455
0.3881319656513455
0.3881319656513455
0.3881319656513455
0.3881319656513455
0.3881319656513455
0.3881319656513455
0.3881319656513455
0.38553379990039577
0.3797252182845403
0.37485543319756626
0.37485543319756626
0.37485543319756626
0.37485543319756626
0.37485543319756626
0.37485543319756626
0.37485543319756626
0.37485543319756626
0.37485543319756626
0.37485543319756626
0.37485543319756626
0.37419460384576664
0.37419460384576664
0.37419460384576664
0.37419460384576664
0.37419460384576664
0.37419460384576664
0.37419460384576664
0.37419460384576664
0.37419460384576664
0.37419460384576664
0.37419460384576664
0.3735323759133283
0.3735323759133283
0.3735323759133283
0.36625284963821986
0.3612184394060898
0.3612184394060898
0.3612184394060898
0.3612184394060898
0.3564093314093314
0.3497946732371231
0.3497946732371231
0.3497946732371231
0.3497946732371231
0.3497946732371231
0.3497946732371231
0.3497946732371231
0.3497946732371231
0.3497946732371231
0.3497946732371231
0.3497946732371231
0.3497946732371231
0.3497946732371231
0.3497946732371231
0.3497946732371231
0.3497946732371231
0.3497946732371231
0.3497946732371231
0.3497946732371231
0.3497946732371231
0.3497946732371231
0.3497946732371231
0.3497946732371231
0.3491073525957247
0.3491073525957247
0.3491073525957247
0.3491073525957247
0.3491073525957247
0.3491073525957247
0.34841857730746617
0.34841857730746617
0.337777626224738
0.337777626224738
0.337777626224738
0.3278665082717353
0.3278665082717353
0.3278665082717353
0.3278665082717353
0.3278665082717353
0.3278665082717353
0.327156007751938
0.327156007751938
0.327156007751938
0.327156007751938
0.327156007751938
0.31971709318648095
0.3171781237320349
0.3171781237320349
0.3171781237320349
0.3171781237320349
0.3171781237320349
0.3171781237320349
0.3171781237320349
0.30851812741992257
0.30851812741992257
0.30851812741992257
0.30851812741992257
0.30851812741992257
0.30851812741992257
0.30851812741992257
0.30851812741992257
0.30851812741992257
0.30851812741992257
0.30851812741992257
0.30851812741992257
0.30851812741992257
0.30778717406624384
0.30778717406624384
0.30778717406624384
0.30778717406624384
0.3010887260887261
0.2989328500956408
0.2989328500956408
0.2989328500956408
0.2989328500956408
0.2989328500956408
0.29534790855545573
0.29131956666275566
0.29131956666275566
0.29131956666275566
0.29131956666275566
0.29131956666275566
0.29131956666275566
0.29131956666275566
0.29131956666275566
0.29131956666275566
0.29057043301229346
0.29057043301229346
0.29057043301229346
0.29057043301229346
0.27935563114134543
0.2759313807221327
0.2759313807221327
0.2759313807221327
0.2759313807221327
0.2759313807221327
0.2759313807221327
0.2759313807221327
0.2759313807221327
0.2759313807221327
0.2759313807221327
0.2759313807221327
0.2759313807221327
0.2751659804903379
0.2751659804903379
0.26805623317251226
0.26208201337557196
0.26208201337557196
0.26208201337557196
0.26208201337557196
0.26208201337557196
0.26208201337557196
0.26208201337557196
0.26208201337557196
0.26130197322057785
0.26130197322057785
0.2495516333953504
0.2495516333953504
0.2495516333953504
0.2495516333953504
0.2495516333953504
0.2495516333953504
0.2495516333953504
0.2495516333953504
0.2495516333953504
0.23816037886787622
0.23816037886787622
0.23816037886787622
0.22775966821235633
0.22775966821235633
0.22775966821235633
0.22775966821235633
0.22775966821235633
0.22775966821235633
0.22775966821235633
0.22775966821235633
0.21822568344479643
0.21822568344479643
0.21822568344479643
0.21822568344479643
0.21822568344479643
0.21822568344479643
0.20945441745864132
0.20945441745864132
0.20945441745864132
0.20945441745864132
0.20945441745864132
0.20945441745864132
0.20945441745864132
0.20945441745864132
0.20945441745864132
0.201357864240652
0.201357864240652
0.19669046764263964
0.19386105570547668
0.19386105570547668
0.19386105570547668
0.19386105570547668
0.19386105570547668
0.19386105570547668
0.19300890037324145
0.18689973349424246
0.18689973349424246
0.18604021947045202
0.18041850246998992
0.18041850246998992
0.17436935351402089
0.17436935351402089
0.17436935351402089
0.1687104722326305
0.1687104722326305
0.1687104722326305
0.163405271031327
0.15842159717555704
0.15373108060542062
0.15373108060542062
0.15373108060542062
0.1451318002268372
0.1411807795123529
0.1411807795123529
0.13388658742407422
0.13388658742407422
0.12730402383221298
0.12133379173726906
0.11589424693965349
0.11589424693965349
0.11091764212481371
0.10634729076424657
0.10213539833391998
0.09640254474819769
0.0
0.0
0.0
0.0
0.0
0.0
0.0
0.0
0.0
0.0
0.0
0.0
0.0
0.0
0.0
0.0
0.0
0.0
0.0
0.0
0.0
0.0
0.0
0.0
0.0
0.0
0.0
0.0
0.0
0.0
0.0
0.0
0.0
0.0
0.0
0.0
0.0
0.0
0.0
0.0
0.0
0.0
0.0
0.0
0.0
0.0
0.0
0.0
0.0
0.0
0.0
0.0
0.0
0.0
0.0
0.0
0.0
0.0
0.0
0.0
0.0
0.0
0.0
0.0
0.0
0.0
0.0
0.0
0.0
0.0
0.0
0.0
0.0
0.0
0.0
0.0
0.0
0.0
0.0
0.0
0.0
0.0
0.0
0.0
0.0
0.0
0.0
0.0
0.0
0.0
0.0
0.0
0.0
0.0
0.0
0.0
0.0
0.0
0.0
0.0
0.0
0.0
0.0
0.0
0.0
0.0
0.0
0.0
0.0
0.0
0.0
0.0
0.0
0.0
0.0
0.0
0.0
0.0
0.0
0.0
0.0
0.0
0.0
0.0
0.0
0.0
0.0
0.0
0.0
0.0
0.0
0.0
0.0
0.0
0.0
0.0
0.0
0.0
0.0
0.0
0.0
0.0
0.0
0.0
0.0
0.0
0.0
0.0
0.0
0.0
0.0
0.0
0.0
0.0
0.0
0.0
0.0
0.0
0.0
0.0
0.0
0.0
0.0
0.0
0.0
0.0
0.0
0.0
0.0
0.0
0.0
0.0
0.0
0.0
0.0
0.0
0.0
0.0
0.0
0.0
0.0
0.0
0.0
0.0
0.0
0.0
0.0
0.0
0.0
0.0
0.0
0.0
0.0
0.0
0.0
0.0
0.0
0.0
0.0
0.0
0.0
0.0
0.0
0.0
0.0
0.0
0.0
0.0
0.0
0.0
0.0
0.0
0.0
0.0
0.0
0.0
0.0
0.0
0.0
0.0
0.0
0.0
0.0
0.0
0.0
0.0
0.0
0.0
0.0
0.0
0.0
0.0
0.0
0.0
0.0
0.0
0.0
0.0
0.0
0.0
0.0
0.0
0.0
0.0
0.0
0.0
0.0
0.0
0.0
0.0
0.0
0.0
0.0
0.0
0.0
0.0
0.0
0.0
0.0
0.0
0.0
0.0
0.0
0.0
0.0
0.0
0.0
0.0
0.0
0.0
0.0
0.0
0.0
0.0
0.0
0.0
0.0
0.0
0.0
0.0
0.0
0.0
0.0
0.0
0.0
0.0
0.0
0.0
0.0
0.0
0.0
0.0
0.0
0.0
0.0
0.0
0.0
0.0
0.0
0.0
0.0
0.0
0.0
0.0
0.0
0.0
0.0
0.0
0.0
0.0
0.0
0.0
0.0
0.0
0.0
0.0
0.0
0.0
0.0
0.0
0.0
0.0
0.0
0.0
0.0
0.0
0.0
0.0
0.0
0.0
0.0
0.0
0.0
0.0
0.0
0.0
0.0
0.0
0.0
0.0
0.0
0.0
0.0
0.0
0.0
0.0
0.0
0.0
0.0
0.0
0.0
0.0
0.0
0.0
0.0
0.0
0.0
0.0
0.0
0.0
0.0
0.0
0.0
0.0
0.0
0.0
0.0
0.0
0.0
0.0
0.0
0.0
0.0
0.0
0.0
0.0
0.0
0.0
0.0
0.0
0.0
0.0
0.0
0.0
0.0
0.0
0.0
0.0
0.0
0.0
0.0
0.0
0.0
0.0
0.0
0.0
0.0
0.0
0.0
0.0
0.0
0.0
0.0
0.0
0.0
0.0
0.0
0.0
0.0
0.0
0.0
0.0
0.0
0.0
0.0
0.0
0.0
0.0
0.0
0.0
0.0
0.0
0.0
0.0
0.0
0.0
0.0
0.0
0.0
0.0
0.0
0.0
0.0
0.0
0.0
0.0
0.0
0.0
0.0
0.0
0.0
0.0
0.0
defined:
0.0
0.0
0.0
0.0
0.0
0.0
0.0
0.0
0.0
0.0
0.0
0.0
0.0
0.0
0.0
0.0
0.0
0.0
0.0
0.0
0.0
0.0
0.0
0.0
0.0
0.0
0.0
0.0
0.0
0.0
0.0
0.0
0.0
0.0
0.0
0.0
0.0
0.0
0.0
0.0
0.0
0.0
0.0
0.0
0.0
0.0
0.0
0.0
0.0
0.0
0.0
0.0
0.0
0.0
0.0
0.0
0.0
0.0
0.0
0.0
0.0
0.0
0.0
0.0
0.0
0.0
0.0
0.0
0.0
0.0
0.0
0.0
0.0
0.0
0.0
0.0
0.0
0.0
0.0
0.0
0.0
0.0
0.0
0.0
0.0
0.0
0.0
0.0
0.0
0.0
0.0
0.0
0.0
0.0
0.0
0.0
0.0
0.0
0.0
0.0
0.0
0.0
0.0
0.0
0.0
0.0
0.0
0.0
0.0
0.0
0.0
0.0
0.0
0.0
0.0
0.0
0.0
0.0
0.0
0.0
0.0
