13.112719298245613
13.112719298245613
13.112719298245613
13.112719298245613
13.112719298245613
13.112719298245613
13.112719298245613
13.112719298245613
13.112719298245613
13.112719298245613
13.112719298245613
13.112719298245613
13.112719298245613
13.112719298245613
13.112719298245613
13.112719298245613
9.845520421607379
9.845520421607379
9.845520421607379
9.845520421607379
9.845520421607379
9.845520421607379
9.845520421607379
8.761360304895925
8.761360304895925
8.761360304895925
8.761360304895925
8.761360304895925
8.761360304895925
8.761360304895925
8.761360304895925
8.761360304895925
7.543513957307061
6.591832229580574
6.584435626102293
6.577058564509027
6.577058564509027
6.569700967458223
6.569700967458223
6.569700967458223
6.562362758014932
6.562362758014932
6.562362758014932
6.562362758014932
6.562362758014932
6.562362758014932
6.562362758014932
6.562362758014932
6.562362758014932
6.562362758014932
6.562362758014932
6.562362758014932
6.555043859649123
6.555043859649123
6.555043859649123
6.555043859649123
6.555043859649123
6.555043859649123
6.555043859649123
6.555043859649123
6.555043859649123
6.555043859649123
6.555043859649123
6.555043859649123
6.555043859649123
6.555043859649123
6.555043859649123
6.555043859649123
6.555043859649123
6.555043859649123
6.555043859649123
6.555043859649123
6.555043859649123
6.555043859649123
6.555043859649123
6.555043859649123
6.555043859649123
6.555043859649123
6.555043859649123
6.555043859649123
6.555043859649123
6.555043859649123
6.555043859649123
6.555043859649123
6.555043859649123
6.555043859649123
6.555043859649123
6.555043859649123
6.547744196233027
6.547744196233027
6.547744196233027
6.547744196233027
6.547744196233027
6.547744196233027
6.547744196233027
6.547744196233027
6.547744196233027
6.547744196233027
6.547744196233027
6.547744196233027
6.547744196233027
6.547744196233027
6.547744196233027
6.547744196233027
6.547744196233027
6.547744196233027
6.547744196233027
6.547744196233027
6.547744196233027
6.547744196233027
6.547744196233027
6.547744196233027
6.547744196233027
6.547744196233027
6.547744196233027
6.547744196233027
6.547744196233027
6.547744196233027
6.547744196233027
6.547744196233027
6.547744196233027
6.547744196233027
6.547744196233027
6.547744196233027
6.547744196233027
6.547744196233027
6.547744196233027
6.547744196233027
6.547744196233027
6.547744196233027
6.547744196233027
6.547744196233027
6.547744196233027
6.547744196233027
6.547744196233027
6.547744196233027
6.547744196233027
6.547744196233027
6.547744196233027
6.547744196233027
6.547744196233027
6.547744196233027
6.547744196233027
6.547744196233027
6.547744196233027
6.547744196233027
6.547744196233027
6.547744196233027
6.547744196233027
6.547744196233027
6.547744196233027
6.547744196233027
6.547744196233027
6.547744196233027
6.547744196233027
6.547744196233027
6.547744196233027
6.547744196233027
6.547744196233027
6.547744196233027
6.547744196233027
6.547744196233027
6.547744196233027
6.547744196233027
6.547744196233027
6.547744196233027
6.547744196233027
6.547744196233027
6.547744196233027
6.547744196233027
6.547744196233027
6.547744196233027
6.547744196233027
6.547744196233027
6.547744196233027
6.547744196233027
6.547744196233027
6.547744196233027
6.547744196233027
6.547744196233027
6.547744196233027
6.547744196233027
6.547744196233027
6.547744196233027
6.547744196233027
6.547744196233027
6.547744196233027
6.547744196233027
6.547744196233027
6.547744196233027
6.547744196233027
6.547744196233027
6.547744196233027
6.547744196233027
6.547744196233027
6.547744196233027
6.547744196233027
6.547744196233027
6.547744196233027
6.547744196233027
6.547744196233027
6.547744196233027
6.547744196233027
6.547744196233027
5.479781300455013
5.479781300455013
5.479781300455013
5.389004784156653
5.254705364995602
5.254705364995602
5.254705364995602
4.920783926218709
4.920783926218709
4.920783926218709
4.920783926218709
4.920783926218709
4.920783926218709
4.920783926218709
4.920783926218709
4.920783926218709
4.7965597620770035
4.61150110375276
4.386978248089359
4.386978248089359
4.378041630020522
4.378041630020522
4.378041630020522
4.378041630020522
4.378041630020522
4.369152046783626
4.369152046783626
4.369152046783626
4.369152046783626
4.369152046783626
4.369152046783626
4.369152046783626
4.369152046783626
4.369152046783626
4.369152046783626
4.369152046783626
4.369152046783626
4.369152046783626
4.369152046783626
4.369152046783626
4.369152046783626
4.369152046783626
4.1914308649407985
4.108184720387494
4.108184720387494
4.108184720387494
4.108184720387494
3.959229747675963
3.9474867724867724
3.935836627140975
3.935836627140975
3.935836627140975
3.935836627140975
3.935836627140975
3.935836627140975
3.935836627140975
3.935836627140975
3.935836627140975
3.935836627140975
3.935836627140975
3.935836627140975
3.935836627140975
3.935836627140975
3.935836627140975
3.935836627140975
3.935836627140975
3.935836627140975
3.935836627140975
3.935836627140975
3.935836627140975
3.935836627140975
3.935836627140975
3.935836627140975
3.8851950354609928
3.766451938865732
3.7518532478954643
3.7518532478954643
3.7518532478954643
3.7518532478954643
3.7518532478954643
3.7518532478954643
3.7518532478954643
3.7518532478954643
3.7518532478954643
3.7518532478954643
3.7518532478954643
3.7518532478954643
3.7435904878001587
3.6509858603649885
3.6509858603649885
3.587902837902838
3.587902837902838
3.587902837902838
3.587902837902838
3.587902837902838
3.5451689590762436
3.5146478043029767
3.3065555555555557
3.291280353200883
3.2882495590828924
3.2882495590828924
3.285226772346984
3.285226772346984
3.282211961301671
3.282211961301671
3.282211961301671
3.282211961301671
3.282211961301671
3.282211961301671
3.282211961301671
3.282211961301671
3.282211961301671
3.282211961301671
3.282211961301671
3.282211961301671
3.282211961301671
3.282211961301671
3.282211961301671
3.2792050944224855
3.2792050944224855
3.2792050944224855
3.2792050944224855
3.2792050944224855
3.2792050944224855
3.2792050944224855
3.2792050944224855
3.2792050944224855
3.2792050944224855
3.2762061403508773
3.2762061403508773
3.2762061403508773
3.2762061403508773
3.2762061403508773
3.2762061403508773
3.2762061403508773
3.2762061403508773
3.2762061403508773
3.2762061403508773
3.2762061403508773
3.2762061403508773
3.2762061403508773
3.2762061403508773
3.2762061403508773
3.2762061403508773
3.2762061403508773
3.2762061403508773
3.2762061403508773
3.2762061403508773
3.2762061403508773
3.2762061403508773
3.2762061403508773
3.2762061403508773
3.2762061403508773
3.2762061403508773
3.2762061403508773
3.2762061403508773
3.2762061403508773
3.2762061403508773
3.2762061403508773
3.2762061403508773
3.2762061403508773
3.2762061403508773
3.2762061403508773
3.2762061403508773
3.2762061403508773
3.2762061403508773
3.2762061403508773
3.2762061403508773
3.2762061403508773
3.2762061403508773
3.2762061403508773
3.2762061403508773
3.2762061403508773
3.2762061403508773
3.2762061403508773
3.2762061403508773
3.2762061403508773
3.2762061403508773
3.273215067893123
3.273215067893123
3.273215067893123
3.273215067893123
3.273215067893123
3.273215067893123
3.273215067893123
3.273215067893123
3.273215067893123
3.273215067893123
3.142624957784532
3.0906268568033273
3.071243561442237
3.0346967846967847
3.0346967846967847
3.0346967846967847
3.0346967846967847
2.985969336695889
2.985969336695889
2.985969336695889
2.985969336695889
2.985969336695889
2.9664342629482072
2.9664342629482072
2.916935405062054
2.916935405062054
2.916935405062054
2.916935405062054
2.916935405062054
2.916935405062054
2.916935405062054
2.916935405062054
2.916935405062054
2.916935405062054
2.817365835222978
2.8101825710521364
2.8101825710521364
2.8101825710521364
2.8101825710521364
2.8101825710521364
2.8101825710521364
2.8101825710521364
2.8101825710521364
2.8101825710521364
2.8101825710521364
2.8101825710521364
2.8101825710521364
2.8101825710521364
2.8101825710521364
2.8101825710521364
2.8101825710521364
2.8101825710521364
2.7730235295806596
2.7365881403199763
2.7365881403199763
2.7365881403199763
2.7365881403199763
2.7365881403199763
2.7365881403199763
2.637677304964539
2.6290123456790124
2.6290123456790124
2.6290123456790124
2.6290123456790124
2.6290123456790124
2.6290123456790124
2.6247141600703605
2.6247141600703605
2.6247141600703605
2.6247141600703605
2.6247141600703605
2.6247141600703605
2.6247141600703605
2.6247141600703605
2.6247141600703605
2.6247141600703605
2.620438596491228
2.620438596491228
2.620438596491228
2.620438596491228
2.620438596491228
2.620438596491228
2.620438596491228
2.620438596491228
2.620438596491228
2.620438596491228
2.620438596491228
2.620438596491228
2.620438596491228
2.620438596491228
2.620438596491228
2.620438596491228
2.620438596491228
2.620438596491228
2.557824380672063
2.557824380672063
2.5255732818480507
2.5255732818480507
2.5255732818480507
2.5255732818480507
2.5255732818480507
2.5255732818480507
2.5074312660519555
2.5025559790011784
2.5025559790011784
2.4759166666666665
2.4642030423280423
2.4642030423280423
2.4642030423280423
2.4642030423280423
2.458415678524374
2.458415678524374
2.458415678524374
2.458415678524374
2.458415678524374
2.458415678524374
2.458415678524374
2.458415678524374
2.458415678524374
2.458415678524374
2.458415678524374
2.458415678524374
2.458415678524374
2.458415678524374
2.4413087733123193
2.4413087733123193
2.4413087733123193
2.4227140699430696
2.4227140699430696
2.4227140699430696
2.4227140699430696
2.3929748412507035
2.3856240505317023
2.3856240505317023
2.3856240505317023
2.3856240505317023
2.3856240505317023
2.3856240505317023
2.3447034031578284
2.3447034031578284
2.3447034031578284
2.3447034031578284
2.3447034031578284
2.3447034031578284
2.318783068783069
2.318783068783069
2.318783068783069
2.3011147902869755
2.288471149040864
2.288471149040864
2.288471149040864
2.279114311982838
2.266568186861962
2.197440449770676
2.195848108747045
2.1910963944076527
2.1910963944076527
2.1910963944076527
2.1910963944076527
2.1910963944076527
2.1910963944076527
2.1910963944076527
2.1895208700764255
2.1895208700764255
2.187949508292969
2.187949508292969
2.187949508292969
2.187949508292969
2.187949508292969
2.187949508292969
2.187949508292969
2.187949508292969
2.187949508292969
2.1863822925828202
2.1863822925828202
2.1863822925828202
2.1863822925828202
2.1863822925828202
2.1863822925828202
2.1863822925828202
2.1863822925828202
2.1863822925828202
2.1863822925828202
2.1863822925828202
2.1863822925828202
2.1863822925828202
2.184819206558337
2.184819206558337
2.184819206558337
2.184819206558337
2.184819206558337
2.184819206558337
2.184819206558337
2.184819206558337
2.184819206558337
2.184819206558337
2.184819206558337
2.184819206558337
2.184819206558337
2.184819206558337
2.184819206558337
2.184819206558337
2.184819206558337
2.184819206558337
2.184819206558337
2.184819206558337
2.184819206558337
2.184819206558337
2.184819206558337
2.184819206558337
2.184819206558337
2.184819206558337
2.184819206558337
2.184819206558337
2.184819206558337
2.184819206558337
2.184819206558337
2.184819206558337
2.1832602339181286
2.1832602339181286
2.1832602339181286
2.1832602339181286
2.1832602339181286
2.1832602339181286
2.1832602339181286
2.1832602339181286
2.1832602339181286
2.1832602339181286
2.1832602339181286
2.1832602339181286
2.1832602339181286
2.1832602339181286
2.1832602339181286
2.1832602339181286
2.1832602339181286
2.1832602339181286
2.1832602339181286
2.1832602339181286
2.1832602339181286
2.1832602339181286
2.1832602339181286
2.1832602339181286
2.1832602339181286
2.1832602339181286
2.1832602339181286
2.1832602339181286
2.1832602339181286
2.1832602339181286
2.1832602339181286
2.1832602339181286
2.1832602339181286
2.1832602339181286
2.1832602339181286
2.1832602339181286
2.1832602339181286
2.1832602339181286
2.1832602339181286
2.1832602339181286
2.1832602339181286
2.1832602339181286
2.1832602339181286
2.1832602339181286
2.1832602339181286
2.1832602339181286
2.1832602339181286
2.1832602339181286
2.1832602339181286
2.1832602339181286
2.1832602339181286
2.1832602339181286
2.1832602339181286
2.1832602339181286
2.1832602339181286
2.1832602339181286
2.1832602339181286
2.1832602339181286
2.1832602339181286
2.1832602339181286
2.1832602339181286
2.1832602339181286
2.1832602339181286
2.1832602339181286
2.1832602339181286
2.1817053584464885
2.1817053584464885
2.1817053584464885
2.1817053584464885
2.1817053584464885
2.1817053584464885
2.1817053584464885
2.1817053584464885
2.1817053584464885
2.1817053584464885
2.1817053584464885
2.1817053584464885
2.1817053584464885
2.1817053584464885
2.1817053584464885
2.1817053584464885
2.1817053584464885
2.1817053584464885
2.1817053584464885
2.1817053584464885
2.1817053584464885
2.1817053584464885
2.1817053584464885
2.1817053584464885
2.1817053584464885
2.1817053584464885
2.1817053584464885
2.1817053584464885
2.1817053584464885
2.1817053584464885
2.1817053584464885
2.1817053584464885
2.1817053584464885
2.1817053584464885
2.1817053584464885
2.1817053584464885
2.1817053584464885
2.1817053584464885
2.1817053584464885
2.1817053584464885
2.1817053584464885
2.1817053584464885
2.1817053584464885
2.1817053584464885
2.1817053584464885
2.1817053584464885
2.1817053584464885
2.1817053584464885
2.1817053584464885
2.1817053584464885
2.1817053584464885
2.1817053584464885
2.1817053584464885
2.1817053584464885
2.1817053584464885
2.1817053584464885
2.1817053584464885
2.1817053584464885
2.1817053584464885
2.1817053584464885
2.1817053584464885
2.1817053584464885
2.1817053584464885
2.1817053584464885
2.1817053584464885
2.1817053584464885
2.1817053584464885
2.1817053584464885
2.1817053584464885
2.1817053584464885
2.1817053584464885
2.1817053584464885
2.1817053584464885
2.1817053584464885
2.1817053584464885
2.1817053584464885
2.1817053584464885
2.1817053584464885
2.1817053584464885
2.1817053584464885
2.1817053584464885
2.1817053584464885
2.1817053584464885
2.1817053584464885
2.1817053584464885
2.1817053584464885
2.1817053584464885
2.1817053584464885
2.1817053584464885
2.1817053584464885
2.1817053584464885
2.1817053584464885
2.1817053584464885
2.1817053584464885
2.1817053584464885
2.1817053584464885
2.1817053584464885
2.1817053584464885
2.1817053584464885
2.1817053584464885
2.1817053584464885
2.1817053584464885
2.1817053584464885
2.1817053584464885
2.1817053584464885
2.1817053584464885
2.1817053584464885
2.1817053584464885
2.1817053584464885
2.1817053584464885
2.1817053584464885
2.1817053584464885
2.1817053584464885
2.1817053584464885
2.1817053584464885
2.1817053584464885
2.1817053584464885
2.1817053584464885
2.1817053584464885
2.1817053584464885
2.1817053584464885
2.1817053584464885
2.1817053584464885
2.1817053584464885
2.1817053584464885
2.1817053584464885
2.1817053584464885
2.1817053584464885
2.1817053584464885
2.1817053584464885
2.1817053584464885
2.1817053584464885
2.1817053584464885
2.1817053584464885
2.1817053584464885
2.1817053584464885
2.1817053584464885
2.1817053584464885
2.1817053584464885
2.1817053584464885
2.1817053584464885
2.1817053584464885
2.1817053584464885
2.1817053584464885
2.1817053584464885
2.1817053584464885
2.1817053584464885
2.1817053584464885
2.1817053584464885
2.1817053584464885
2.1817053584464885
2.1817053584464885
2.1817053584464885
2.1817053584464885
2.1817053584464885
2.1817053584464885
2.1817053584464885
2.145188028482421
2.139171171171171
2.1323790501553486
2.0910796708809953
2.0910796708809953
2.0910796708809953
2.0910796708809953
2.0910796708809953
2.074471254095919
2.0738652186020605
2.0507898502862174
2.0507898502862174
2.0507898502862174
2.0507898502862174
2.0507898502862174
2.0507898502862174
2.0507898502862174
2.0507898502862174
2.0507898502862174
2.042107432339607
2.023192545738965
2.0177931127799202
2.0177931127799202
2.0177931127799202
2.0177931127799202
2.0177931127799202
2.0130998175272476
1.9997600537479605
1.9997600537479605
1.9997600537479605
1.9775333333333334
1.9697751322751322
1.9697751322751322
1.9659420289855072
1.9659420289855072
1.9659420289855072
1.9659420289855072
1.9659420289855072
1.9659420289855072
1.9659420289855072
1.9659420289855072
1.9659420289855072
1.9582958457792012
1.9478665225791663
1.9359485815602837
1.9359485815602837
1.9297666226332013
1.9297666226332013
1.9297666226332013
1.9297666226332013
1.9297666226332013
1.9297666226332013
1.9297666226332013
1.9297666226332013
1.9297666226332013
1.9297666226332013
1.9289105691056911
1.9095874566251125
1.8779209296450676
1.8779209296450676
1.8755983875031494
1.8755983875031494
1.8755983875031494
1.8732881015202916
1.8732881015202916
1.8732881015202916
1.8732881015202916
1.8732881015202916
1.8732881015202916
1.8732881015202916
1.8732881015202916
1.8732881015202916
1.8732881015202916
1.8732881015202916
1.8732881015202916
1.8732881015202916
1.8732881015202916
1.8732881015202916
1.8732881015202916
1.8732881015202916
1.8732881015202916
1.8732881015202916
1.8732881015202916
1.8709899749373433
1.8709899749373433
1.8709899749373433
1.8709899749373433
1.8709899749373433
1.8709899749373433
1.8709899749373433
1.8709899749373433
1.8709899749373433
1.8709899749373433
1.8415263872079803
1.8390375275938189
1.8390375275938189
1.8390375275938189
1.8221904202749646
1.8221904202749646
1.8221904202749646
1.8221904202749646
1.8221904202749646
1.8221904202749646
1.812799170706424
1.8114563036732338
1.789983164983165
1.789983164983165
1.789983164983165
1.7868607018804648
1.7868607018804648
1.7868607018804648
1.7868607018804648
1.7868607018804648
1.7868607018804648
1.7868607018804648
1.7868607018804648
1.7868607018804648
1.7868607018804648
1.7868607018804648
1.7868607018804648
1.7868607018804648
1.7868607018804648
1.7868607018804648
1.7868607018804648
1.7868607018804648
1.7868607018804648
1.7868607018804648
1.7868607018804648
1.7868607018804648
1.7868607018804648
1.7868607018804648
1.7868607018804648
1.7868607018804648
1.7779015717845505
1.7679487179487179
1.7679487179487179
1.7679487179487179
1.7520188623636899
1.74805042509528
1.74805042509528
1.74805042509528
1.74805042509528
1.74805042509528
1.74805042509528
1.74805042509528
1.74805042509528
1.7400398406374502
1.725938028691279
1.725938028691279
1.725938028691279
1.725938028691279
1.725938028691279
1.725938028691279
1.725938028691279
1.725938028691279
1.725938028691279
1.725938028691279
1.725938028691279
1.725938028691279
1.725938028691279
1.7234216811447172
1.7118127444214402
1.7118127444214402
1.7118127444214402
1.7118127444214402
1.7118127444214402
1.7118127444214402
1.7118127444214402
1.7021257460551058
1.7021257460551058
1.7021257460551058
1.7021257460551058
1.6951598642366161
1.6899829254410927
1.6435616134751774
1.6427069499778664
1.6418545534924844
1.6410044150110374
1.6410044150110374
1.6410044150110374
1.6410044150110374
1.6401565255731922
1.6401565255731922
1.6401565255731922
1.6401565255731922
1.6401565255731922
1.6401565255731922
1.6401565255731922
1.6401565255731922
1.6401565255731922
1.6401565255731922
1.639310876265962
1.639310876265962
1.639310876265962
1.639310876265962
1.639310876265962
1.639310876265962
1.639310876265962
1.638467458223395
1.638467458223395
1.638467458223395
1.638467458223395
1.638467458223395
1.638467458223395
1.638467458223395
1.638467458223395
1.638467458223395
1.638467458223395
1.638467458223395
1.638467458223395
1.638467458223395
1.638467458223395
1.638467458223395
1.6376262626262625
1.6376262626262625
1.6376262626262625
1.6376262626262625
1.6376262626262625
1.6376262626262625
1.6376262626262625
1.6376262626262625
1.6367872807017543
1.6367872807017543
1.6367872807017543
1.6367872807017543
1.6367872807017543
1.6367872807017543
1.6367872807017543
1.6367872807017543
1.6367872807017543
1.6367872807017543
1.6367872807017543
1.6367872807017543
1.6367872807017543
1.6367872807017543
1.6367872807017543
1.6367872807017543
1.6367872807017543
1.6367872807017543
1.6367872807017543
1.6367872807017543
1.6367872807017543
1.6367872807017543
1.6367872807017543
1.6367872807017543
1.6367872807017543
1.6367872807017543
1.6367872807017543
1.6367872807017543
1.6367872807017543
1.6367872807017543
1.6367872807017543
1.6367872807017543
1.6367872807017543
1.6367872807017543
1.6367872807017543
1.6367872807017543
1.6367872807017543
1.6367872807017543
1.6367872807017543
1.6367872807017543
1.6367872807017543
1.6367872807017543
1.6367872807017543
1.6367872807017543
1.6367872807017543
1.6367872807017543
1.6367872807017543
1.6367872807017543
1.6367872807017543
1.6367872807017543
1.6367872807017543
1.6367872807017543
1.6367872807017543
1.6367872807017543
1.6367872807017543
1.6367872807017543
1.6367872807017543
1.6367872807017543
1.6367872807017543
1.6367872807017543
1.6367872807017543
1.6367872807017543
1.6367872807017543
1.6367872807017543
1.6367872807017543
1.6367872807017543
1.6359505037231712
1.6359505037231712
1.6359505037231712
1.6359505037231712
1.6359505037231712
1.6359505037231712
1.6359505037231712
1.6359505037231712
1.6359505037231712
1.6359505037231712
1.6359505037231712
1.6359505037231712
1.5979864326477873
1.5917798676419366
1.5840983481769049
1.5840983481769049
1.5742328042328042
1.5742328042328042
1.5742328042328042
1.5722852621625272
1.5609339288335324
1.5609339288335324
1.5609339288335324
1.5609339288335324
1.5609339288335324
1.5609339288335324
1.5609339288335324
1.5609339288335324
1.5609339288335324
1.5609339288335324
1.5609339288335324
1.5446507515473034
1.5446507515473034
1.5446507515473034
1.5417766051011434
1.5417766051011434
1.5417766051011434
1.5417766051011434
1.5417766051011434
1.5417766051011434
1.5417766051011434
1.5417766051011434
1.5309860191317144
1.527966765627577
1.5273181702587577
1.5174871794871796
1.515425477576872
1.5133801383801384
1.5133801383801384
1.5133801383801384
1.5133801383801384
1.511350967872707
1.511350967872707
1.511350967872707
1.511350967872707
1.511350967872707
1.511350967872707
1.511350967872707
1.511350967872707
1.511350967872707
1.511350967872707
1.511350967872707
1.511350967872707
1.511350967872707
1.511350967872707
1.511350967872707
1.511350967872707
1.511350967872707
1.511350967872707
1.511350967872707
1.511350967872707
1.511350967872707
1.511350967872707
1.511350967872707
1.511350967872707
1.511350967872707
1.511350967872707
1.511350967872707
1.511350967872707
1.511350967872707
1.511350967872707
1.511350967872707
1.511350967872707
1.511350967872707
1.5002147278009348
1.492938023855577
1.4896821584404147
1.4896821584404147
1.4896821584404147
1.4896821584404147
1.4813002919604072
1.4813002919604072
1.4813002919604072
1.4813002919604072
1.4813002919604072
1.4813002919604072
1.4813002919604072
1.4570350774054477
1.4570350774054477
1.4570350774054477
1.4570350774054477
1.4558291801035865
1.4558291801035865
1.4558291801035865
1.4558291801035865
1.4558291801035865
1.4558291801035865
1.4558291801035865
1.4558291801035865
1.4546296296296297
1.4546296296296297
1.4546296296296297
1.4546296296296297
1.4546296296296297
1.4546296296296297
1.4546296296296297
1.4546296296296297
1.4546296296296297
1.4546296296296297
1.4546296296296297
1.4546296296296297
1.4347199227373069
1.4347199227373069
1.4347199227373069
1.4347199227373069
1.4246261941684375
1.4246261941684375
1.4246261941684375
1.418548521996798
1.418548521996798
1.418548521996798
1.4167036543867435
1.406327072661734
1.404714663643235
1.404714663643235
1.403115000941088
1.403115000941088
1.403115000941088
1.403115000941088
1.403115000941088
1.403115000941088
1.403115000941088
1.403115000941088
1.403115000941088
1.403115000941088
1.403115000941088
1.403115000941088
1.403115000941088
1.403115000941088
1.3967953070771089
1.3967953070771089
1.3909626061943943
1.3909626061943943
1.3909626061943943
1.3909626061943943
1.382970760233918
1.3789288524741934
1.3789288524741934
1.3789288524741934
1.3789288524741934
1.3789288524741934
1.3789288524741934
1.3789288524741934
1.3789288524741934
1.3789288524741934
1.3674183658392436
1.3649915602524585
1.3649915602524585
1.3649915602524585
1.3649915602524585
1.3649915602524585
1.3649915602524585
1.3560025542784164
1.3560025542784164
1.3560025542784164
1.3497792494481236
1.3497792494481236
1.3452583373007776
1.3126054150022193
1.311775121735281
1.3113616268788681
1.3113616268788681
1.3109492273730685
1.3109492273730685
1.3109492273730685
1.3109492273730685
1.3109492273730685
1.3105379188712523
1.3105379188712523
1.3105379188712523
1.3105379188712523
1.3105379188712523
1.3105379188712523
1.3105379188712523
1.3101276970497577
1.3101276970497577
1.3101276970497577
1.3097185576077397
1.3097185576077397
1.3097185576077397
1.3097185576077397
1.3097185576077397
1.3097185576077397
1.3097185576077397
1.3097185576077397
1.3097185576077397
1.3097185576077397
1.3097185576077397
1.3097185576077397
1.3097185576077397
1.3097185576077397
1.3097185576077397
1.3097185576077397
1.309310496267018
1.309310496267018
1.309310496267018
1.309310496267018
1.309310496267018
1.309310496267018
1.309310496267018
1.309310496267018
1.309310496267018
1.309310496267018
1.309310496267018
1.309310496267018
1.309310496267018
1.309310496267018
1.309310496267018
1.309310496267018
1.309310496267018
1.309310496267018
1.309310496267018
1.309310496267018
1.309310496267018
1.309310496267018
1.309310496267018
1.309310496267018
1.309310496267018
1.309310496267018
1.309310496267018
1.309310496267018
1.309310496267018
1.309310496267018
1.309310496267018
1.309310496267018
1.309310496267018
1.3089035087719298
1.3089035087719298
1.3089035087719298
1.3089035087719298
1.3089035087719298
1.3089035087719298
1.3089035087719298
1.3089035087719298
1.3089035087719298
1.3089035087719298
1.3089035087719298
1.3089035087719298
1.3089035087719298
1.3089035087719298
1.3089035087719298
1.3089035087719298
1.3089035087719298
1.3089035087719298
1.3089035087719298
1.3089035087719298
1.3089035087719298
1.3089035087719298
1.3089035087719298
1.3089035087719298
1.3089035087719298
1.3089035087719298
1.3089035087719298
1.3089035087719298
1.3089035087719298
1.3089035087719298
1.3089035087719298
1.3089035087719298
1.3089035087719298
1.3089035087719298
1.3089035087719298
1.3089035087719298
1.3089035087719298
1.308497590889181
1.308497590889181
1.308497590889181
1.308497590889181
1.308497590889181
1.308497590889181
1.308497590889181
1.308497590889181
1.308497590889181
1.308497590889181
1.308497590889181
1.308497590889181
1.308497590889181
1.308497590889181
1.308497590889181
1.308497590889181
1.308497590889181
1.308497590889181
1.308497590889181
1.308497590889181
1.308497590889181
1.308497590889181
1.308497590889181
1.308497590889181
1.308497590889181
1.308497590889181
1.308497590889181
1.308497590889181
1.308497590889181
1.308497590889181
1.308497590889181
1.308497590889181
1.308497590889181
1.308497590889181
1.308497590889181
1.308497590889181
1.308497590889181
1.308497590889181
1.308497590889181
1.308497590889181
1.308497590889181
1.308497590889181
1.308497590889181
1.308497590889181
1.308497590889181
1.308497590889181
1.308497590889181
1.308497590889181
1.308497590889181
1.308497590889181
1.308497590889181
1.308497590889181
1.308497590889181
1.308497590889181
1.308497590889181
1.308497590889181
1.308497590889181
1.308497590889181
1.308497590889181
1.308497590889181
1.308497590889181
1.308497590889181
1.308497590889181
1.308497590889181
1.308497590889181
1.308497590889181
1.308497590889181
1.308497590889181
1.308497590889181
1.308497590889181
1.308497590889181
1.308497590889181
1.308497590889181
1.308497590889181
1.308497590889181
1.308497590889181
1.308497590889181
1.308497590889181
1.308497590889181
1.308497590889181
1.308497590889181
1.308497590889181
1.308497590889181
1.308497590889181
1.308497590889181
1.308497590889181
1.308497590889181
1.308497590889181
1.308497590889181
1.308497590889181
1.308497590889181
1.308497590889181
1.308497590889181
1.308497590889181
1.308497590889181
1.308497590889181
1.308497590889181
1.308497590889181
1.308497590889181
1.308497590889181
1.308497590889181
1.308497590889181
1.308497590889181
1.308497590889181
1.308497590889181
1.2912349726775956
1.2829984410185347
1.2791184145263204
1.2791184145263204
1.2791184145263204
1.2791184145263204
1.2742764287466275
1.2742764287466275
1.2680064857484212
1.2612094244408074
1.2594841310164957
1.2594841310164957
1.2594841310164957
1.2484105932381795
1.2484105932381795
1.2484105932381795
1.247099719395234
1.247099719395234
1.247099719395234
1.247099719395234
1.247099719395234
1.247099719395234
1.247099719395234
1.247099719395234
1.247099719395234
1.2439544209253561
1.2290421646746348
1.2281332671957672
1.2281332671957672
1.2281332671957672
1.2281332671957672
1.2272315546772068
1.2272315546772068
1.2272315546772068
1.2272315546772068
1.2272315546772068
1.2272315546772068
1.2272315546772068
1.2272315546772068
1.2272315546772068
1.2272315546772068
1.2272315546772068
1.2272315546772068
1.2272315546772068
1.2272315546772068
1.2272315546772068
1.2272315546772068
1.2272315546772068
1.2191310427076265
1.2191310427076265
1.2191310427076265
1.2125919402449565
1.2125919402449565
1.2125919402449565
1.2125919402449565
1.2125919402449565
1.2125919402449565
1.2125919402449565
1.2067212733821309
1.2037157492479063
1.2037157492479063
1.1916908446163765
1.1911823808375532
1.190676607343274
1.190676607343274
1.190676607343274
1.190676607343274
1.1901735028384104
1.1901735028384104
1.1901735028384104
1.1901735028384104
1.1901735028384104
1.1901735028384104
1.1901735028384104
1.1901735028384104
1.1901735028384104
1.1901735028384104
1.1901735028384104
1.1901735028384104
1.1896730462519935
1.1896730462519935
1.1896730462519935
1.1896730462519935
1.1896730462519935
1.1896730462519935
1.1896730462519935
1.1896730462519935
1.1896730462519935
1.1896730462519935
1.1896730462519935
1.1755419709062094
1.1755419709062094
1.1755419709062094
1.1755419709062094
1.1755419709062094
1.1690491916713845
1.1690491916713845
1.1690491916713845
1.1690491916713845
1.1644758817172611
1.1644758817172611
1.1554232804232805
1.1554232804232805
1.1554232804232805
1.1554232804232805
1.1548089591567852
1.1548089591567852
1.1548089591567852
1.1548089591567852
1.1548089591567852
1.1548089591567852
1.1548089591567852
1.1548089591567852
1.1548089591567852
1.1548089591567852
1.1548089591567852
1.1548089591567852
1.1548089591567852
1.1548089591567852
1.1548089591567852
1.1548089591567852
1.1548089591567852
1.1548089591567852
1.1548089591567852
1.1548089591567852
1.1548089591567852
1.1548089591567852
1.1548089591567852
1.1548089591567852
1.1548089591567852
1.1548089591567852
1.1548089591567852
1.1548089591567852
1.1548089591567852
1.1548089591567852
1.1548089591567852
1.1548089591567852
1.1548089591567852
1.1459216335540838
1.1381973920691368
1.1381973920691368
1.1381973920691368
1.1381973920691368
1.1381973920691368
1.1381973920691368
1.1381973920691368
1.1285093912753004
1.1285093912753004
1.1285093912753004
1.1285093912753004
1.1285093912753004
1.1285093912753004
1.1285093912753004
1.1285093912753004
1.1221844293272865
1.1144722237899054
1.1144722237899054
1.0911539029068908
1.0910330091364575
1.0909124356144224
1.0909124356144224
1.0907921810699588
1.0907921810699588
1.0907921810699588
1.0907921810699588
1.0907921810699588
1.090672244238955
1.090672244238955
1.0905526238639696
1.0905526238639696
1.0905526238639696
1.0905526238639696
1.0905526238639696
1.0905526238639696
1.0905526238639696
1.0905526238639696
1.0905526238639696
1.0905526238639696
1.0905526238639696
1.0905526238639696
1.0905526238639696
1.0905526238639696
1.0905526238639696
1.0904333186941884
1.0904333186941884
1.0904333186941884
1.0904333186941884
1.0904333186941884
1.0904333186941884
1.0904333186941884
1.0904333186941884
1.0904333186941884
1.0904333186941884
1.0904333186941884
1.0904333186941884
1.0904333186941884
1.0904333186941884
1.0903143274853802
1.0903143274853802
1.0903143274853802
1.0903143274853802
1.0903143274853802
1.0903143274853802
1.0903143274853802
1.0903143274853802
1.0903143274853802
1.0903143274853802
1.0903143274853802
1.0903143274853802
1.0903143274853802
1.0903143274853802
1.0903143274853802
1.0903143274853802
1.0903143274853802
1.0903143274853802
1.0903143274853802
1.0903143274853802
1.0903143274853802
1.0903143274853802
1.0903143274853802
1.0903143274853802
1.0903143274853802
1.0903143274853802
1.0903143274853802
1.0903143274853802
1.0903143274853802
1.0903143274853802
1.0903143274853802
1.0903143274853802
1.0903143274853802
1.0903143274853802
1.0903143274853802
1.0903143274853802
1.0903143274853802
1.0903143274853802
1.0903143274853802
1.0903143274853802
1.0903143274853802
1.0901956489998539
1.0901956489998539
1.0901956489998539
1.0901956489998539
1.0901956489998539
1.0901956489998539
1.0901956489998539
1.0901956489998539
1.0901956489998539
1.0901956489998539
1.0901956489998539
1.0901956489998539
1.0901956489998539
1.0901956489998539
1.0685504971219257
1.0685504971219257
1.0685504971219257
1.0685504971219257
1.0653267621541147
1.061096811096811
1.061096811096811
1.061096811096811
1.061096811096811
1.055276203463019
1.055276203463019
1.0517572566875355
1.0467194371152155
1.0467194371152155
1.0467194371152155
1.0467194371152155
1.0467194371152155
1.0467194371152155
1.0467194371152155
1.0467194371152155
1.0409040738510937
1.0330956874257358
1.0330956874257358
1.0329643553327763
1.0329643553327763
1.0329643553327763
1.0329643553327763
1.0329643553327763
1.0329643553327763
1.0329643553327763
1.0328340614381804
1.0328340614381804
1.0328340614381804
1.0328340614381804
1.0328340614381804
1.0328340614381804
1.0328340614381804
1.0328340614381804
1.0328340614381804
1.0328340614381804
1.0328340614381804
1.0222393062943262
1.022092415235579
1.022092415235579
1.022092415235579
1.022092415235579
1.0175668383615404
1.0063079650845608
1.006291233081684
1.006291233081684
1.006274589607923
1.006274589607923
1.006274589607923
1.006274589607923
1.006274589607923
1.006274589607923
1.0062580339625196
1.0062580339625196
1.0062580339625196
1.0062580339625196
1.0062580339625196
1.0062580339625196
1.0062580339625196
1.0062580339625196
1.0062580339625196
1.0062580339625196
1.0062580339625196
1.0062415654520918
1.0062415654520918
1.0062415654520918
1.0062415654520918
1.0062415654520918
1.0062415654520918
1.0062415654520918
1.0062415654520918
1.0062415654520918
1.0062415654520918
1.0062415654520918
1.0062415654520918
1.0062415654520918
1.0062415654520918
1.0062415654520918
0.99091976568859
0.99091976568859
0.99091976568859
0.99091976568859
0.99091976568859
0.9871044158617354
0.9809947299077734
0.9809947299077734
0.9809947299077734
0.9809947299077734
0.9809947299077734
0.9809947299077734
0.9809947299077734
0.9809947299077734
0.9809947299077734
0.9809947299077734
0.9809947299077734
0.9809947299077734
0.9809947299077734
0.9809947299077734
0.9809193121693122
0.9809193121693122
0.9808432934926958
0.9738715889342915
0.9738715889342915
0.9687937717840972
0.9687937717840972
0.9687937717840972
0.9687937717840972
0.9687937717840972
0.9687937717840972
0.9645679576774868
0.9615808014090709
0.9615808014090709
0.9615808014090709
0.9615808014090709
0.9615808014090709
0.9615808014090709
0.9615808014090709
0.9568008775325848
0.9568008775325848
0.9568008775325848
0.9568008775325848
0.9568008775325848
0.9508238887549232
0.9508238887549232
0.9342656905074777
0.9342656905074777
0.9342656905074777
0.9342656905074777
0.9342656905074777
0.9342656905074777
0.9342656905074777
0.9342656905074777
0.9342656905074777
0.9342656905074777
0.9342656905074777
0.9342656905074777
0.9342656905074777
0.9342656905074777
0.9342656905074777
0.9342656905074777
0.9342656905074777
0.9342656905074777
0.9342656905074777
0.9342656905074777
0.9342656905074777
0.9342656905074777
0.9342656905074777
0.9342656905074777
0.9342656905074777
0.9342656905074777
0.9342656905074777
0.9342656905074777
0.9342656905074777
0.9342656905074777
0.9342656905074777
0.9342656905074777
0.9342656905074777
0.9342656905074777
0.9342656905074777
0.9342656905074777
0.9342656905074777
0.9342656905074777
0.9342656905074777
0.9342656905074777
0.9342656905074777
0.9342656905074777
0.9342656905074777
0.9342656905074777
0.9342656905074777
0.9342656905074777
0.9342656905074777
0.9342656905074777
0.9342656905074777
0.9342656905074777
0.9342656905074777
0.9342656905074777
0.9342656905074777
0.9342656905074777
0.9342656905074777
0.9342656905074777
0.9342656905074777
0.9342656905074777
0.9342656905074777
0.9342656905074777
0.9342656905074777
0.9342656905074777
0.9342656905074777
0.9342656905074777
0.9342656905074777
0.9342656905074777
0.9342656905074777
0.9342656905074777
0.9342656905074777
0.9342656905074777
0.9342656905074777
0.9342656905074777
0.9342656905074777
0.9342656905074777
0.9342656905074777
0.9342656905074777
0.9342656905074777
0.9342656905074777
0.9342656905074777
0.9342656905074777
0.9342656905074777
0.9341791979949875
0.9341791979949875
0.9341791979949875
0.9341791979949875
0.9341791979949875
0.9341791979949875
0.9341791979949875
0.9341791979949875
0.9341791979949875
0.9341791979949875
0.9341791979949875
0.9341791979949875
0.9341791979949875
0.9341791979949875
0.9341791979949875
0.9341791979949875
0.9341791979949875
0.9341791979949875
0.9341791979949875
0.9341791979949875
0.9341791979949875
0.9341791979949875
0.9341791979949875
0.9341791979949875
0.9341791979949875
0.9341791979949875
0.9341791979949875
0.9341791979949875
0.9341791979949875
0.9341791979949875
0.9341791979949875
0.9341791979949875
0.9341791979949875
0.9341791979949875
0.9341791979949875
0.9341791979949875
0.9341791979949875
0.9341791979949875
0.9341791979949875
0.9341791979949875
0.9340924775707384
0.9340924775707384
0.9340924775707384
0.9340924775707384
0.9340924775707384
0.9340924775707384
0.9340924775707384
0.9340924775707384
0.9340924775707384
0.9340924775707384
0.9340924775707384
0.9340924775707384
0.9340924775707384
0.9340924775707384
0.9340924775707384
0.9340924775707384
0.9340055283327051
0.9340055283327051
0.9340055283327051
0.9340055283327051
0.9340055283327051
0.9340055283327051
0.9339183493740958
0.9339183493740958
0.9339183493740958
0.9339183493740958
0.9339183493740958
0.9339183493740958
0.9339183493740958
0.9339183493740958
0.9338309397833208
0.9338309397833208
0.9337432986439609
0.9336554250347354
0.9201440914993507
0.9170893635503435
0.9119293712316968
0.9119293712316968
0.9077927002299525
0.9077927002299525
0.9077927002299525
0.9016164740848573
0.9016164740848573
0.9016164740848573
0.9016164740848573
0.9016164740848573
0.9016164740848573
0.9016164740848573
0.9010945455654136
0.8914540663552522
0.8914540663552522
0.8914540663552522
0.8914540663552522
0.8914540663552522
0.8914540663552522
0.8914540663552522
0.8914540663552522
0.8914540663552522
0.8914540663552522
0.8914540663552522
0.8910233285233286
0.8905891585174454
0.8830792483368441
0.8830792483368441
0.8830792483368441
0.8830792483368441
0.8830792483368441
0.879338597384955
0.8717251461988305
0.8717251461988305
0.8717251461988305
0.8717251461988305
0.8717251461988305
0.8717251461988305
0.8717251461988305
0.8717251461988305
0.8717251461988305
0.8717251461988305
0.8717251461988305
0.8717251461988305
0.8717251461988305
0.8717251461988305
0.8717251461988305
0.8713866901201993
0.8713866901201993
0.8713866901201993
0.8713866901201993
0.8713866901201993
0.8713866901201993
0.8713866901201993
0.8713866901201993
0.8713866901201993
0.8713866901201993
0.8713866901201993
0.8713866901201993
0.8713866901201993
0.8710464432686655
0.8710464432686655
0.8710464432686655
0.8710464432686655
0.8710464432686655
0.8625723686950727
0.8596665044381098
0.8596665044381098
0.8596665044381098
0.8596665044381098
0.8596665044381098
0.8525233430715472
0.8525233430715472
0.8525233430715472
0.8525233430715472
0.8525233430715472
0.8525233430715472
0.8525233430715472
0.8525233430715472
0.8525233430715472
0.8525233430715472
0.8525233430715472
0.8525233430715472
0.8525233430715472
0.8525233430715472
0.8525233430715472
0.8525233430715472
0.8525233430715472
0.8525233430715472
0.8525233430715472
0.851938118242466
0.851938118242466
0.851938118242466
0.8431072147984225
0.8431072147984225
0.8431072147984225
0.8431072147984225
0.8431072147984225
0.8431072147984225
0.8431072147984225
0.8431072147984225
0.8431072147984225
0.8431072147984225
0.8431072147984225
0.8431072147984225
0.837454414072644
0.837454414072644
0.837454414072644
0.837454414072644
0.8308689544451134
0.8308689544451134
0.8287370356335874
0.8173182216381953
0.8173182216381953
0.8173182216381953
0.8173182216381953
0.8173182216381953
0.8173182216381953
0.8173182216381953
0.8173182216381953
0.8173182216381953
0.8173182216381953
0.8173182216381953
0.8173182216381953
0.817077850877193
0.817077850877193
0.817077850877193
0.817077850877193
0.817077850877193
0.817077850877193
0.817077850877193
0.817077850877193
0.817077850877193
0.817077850877193
0.817077850877193
0.817077850877193
0.817077850877193
0.817077850877193
0.817077850877193
0.817077850877193
0.817077850877193
0.817077850877193
0.817077850877193
0.817077850877193
0.817077850877193
0.817077850877193
0.817077850877193
0.817077850877193
0.817077850877193
0.817077850877193
0.817077850877193
0.817077850877193
0.817077850877193
0.817077850877193
0.817077850877193
0.817077850877193
0.817077850877193
0.817077850877193
0.817077850877193
0.817077850877193
0.816836846728151
0.816836846728151
0.816836846728151
0.816836846728151
0.816836846728151
0.816836846728151
0.816836846728151
0.816836846728151
0.816836846728151
0.816836846728151
0.816836846728151
0.816836846728151
0.8165952066842568
0.8165952066842568
0.8165952066842568
0.8165952066842568
0.8165952066842568
0.8165952066842568
0.8165952066842568
0.8165952066842568
0.8165952066842568
0.8165952066842568
0.8163529282254514
0.8163529282254514
0.8156222369584438
0.7962807831512926
0.7962807831512926
0.7916899869406465
0.7916899869406465
0.7916899869406465
0.7916899869406465
0.7916899869406465
0.7916899869406465
0.7916899869406465
0.7916899869406465
0.7916899869406465
0.7840052700922266
0.7840052700922266
0.7840052700922266
0.7840052700922266
0.7840052700922266
0.7840052700922266
0.7840052700922266
0.7840052700922266
0.7840052700922266
0.7840052700922266
0.7840052700922266
0.7840052700922266
0.7840052700922266
0.7840052700922266
0.7831481481481481
0.7771644545092365
0.773910277996034
0.768859649122807
0.768859649122807
0.768859649122807
0.768859649122807
0.768859649122807
0.768859649122807
0.768859649122807
0.768859649122807
0.768859649122807
0.768859649122807
0.768859649122807
0.768859649122807
0.768859649122807
0.768859649122807
0.768859649122807
0.768249780123131
0.768249780123131
0.768249780123131
0.768249780123131
0.768249780123131
0.767636684303351
0.7589372574319273
0.7589372574319273
0.7589372574319273
0.7536991993513733
0.7536991993513733
0.7536991993513733
0.7536991993513733
0.7536991993513733
0.7536991993513733
0.7536991993513733
0.7536991993513733
0.7527218152218152
0.7461490136951878
0.7461490136951878
0.7461490136951878
0.7461490136951878
0.7461490136951878
0.7415385693126776
0.7415385693126776
0.7415385693126776
0.7383697713886394
0.7383697713886394
0.7263590791843092
0.7263590791843092
0.7263590791843092
0.7263590791843092
0.7263590791843092
0.7263590791843092
0.7263590791843092
0.7263590791843092
0.7263590791843092
0.7263590791843092
0.7263590791843092
0.7263590791843092
0.7263590791843092
0.7263590791843092
0.7263590791843092
0.7263590791843092
0.7263590791843092
0.7263590791843092
0.7263590791843092
0.7263590791843092
0.7263590791843092
0.7263590791843092
0.7263590791843092
0.7263590791843092
0.7263590791843092
0.7263590791843092
0.7263590791843092
0.7263590791843092
0.7263590791843092
0.7263590791843092
0.7263590791843092
0.7263590791843092
0.7263590791843092
0.7263590791843092
0.7263590791843092
0.7263590791843092
0.7263590791843092
0.7263590791843092
0.7263590791843092
0.7263590791843092
0.7263590791843092
0.7263590791843092
0.7263590791843092
0.7263590791843092
0.7263590791843092
0.7263590791843092
0.7263590791843092
0.7263590791843092
0.7263590791843092
0.7263590791843092
0.7263590791843092
0.7263590791843092
0.7263590791843092
0.7263590791843092
0.7263590791843092
0.7263590791843092
0.7263590791843092
0.7263590791843092
0.7263590791843092
0.7263590791843092
0.7263590791843092
0.7263590791843092
0.7263590791843092
0.7259990253411306
0.7259990253411306
0.7259990253411306
0.7259990253411306
0.7259990253411306
0.7259990253411306
0.7259990253411306
0.7259990253411306
0.7259990253411306
0.7259990253411306
0.7259990253411306
0.7259990253411306
0.7259990253411306
0.7259990253411306
0.7259990253411306
0.7259990253411306
0.7259990253411306
0.7259990253411306
0.7259990253411306
0.7259990253411306
0.7259990253411306
0.725638022739472
0.725638022739472
0.725638022739472
0.725638022739472
0.725638022739472
0.725638022739472
0.725638022739472
0.725638022739472
0.725638022739472
0.725638022739472
0.7252760676243526
0.7252760676243526
0.7252760676243526
0.7245492847344699
0.7112313612313612
0.7090105871766891
0.7090105871766891
0.7055313889086976
0.7055313889086976
0.7055313889086976
0.7055313889086976
0.7055313889086976
0.6995812158855637
0.6995812158855637
0.6995812158855637
0.6995812158855637
0.6995812158855637
0.6995812158855637
0.6995812158855637
0.6995812158855637
0.6995812158855637
0.6995812158855637
0.6995812158855637
0.6995812158855637
0.6937847231981412
0.6937847231981412
0.6908455415077932
0.6876500461680517
0.6876500461680517
0.6876500461680517
0.6876500461680517
0.6876500461680517
0.6876500461680517
0.6876500461680517
0.6876500461680517
0.6876500461680517
0.6876500461680517
0.6876500461680517
0.686825903809656
0.686825903809656
0.686825903809656
0.686825903809656
0.6753214301939939
0.6753214301939939
0.6753214301939939
0.6753214301939939
0.6753214301939939
0.6753214301939939
0.6753214301939939
0.6753214301939939
0.6690796743567192
0.6690796743567192
0.6690796743567192
0.6651973867486228
0.6624742175589633
0.6535917652212002
0.6535917652212002
0.6535917652212002
0.6535917652212002
0.6535917652212002
0.6535917652212002
0.6535917652212002
0.6535917652212002
0.6535917652212002
0.6535917652212002
0.6535917652212002
0.6535917652212002
0.6535917652212002
0.6535917652212002
0.6535917652212002
0.6535917652212002
0.6531359649122807
0.6531359649122807
0.6531359649122807
0.6531359649122807
0.6531359649122807
0.6531359649122807
0.6531359649122807
0.6531359649122807
0.6531359649122807
0.6531359649122807
0.6531359649122807
0.6531359649122807
0.6531359649122807
0.6531359649122807
0.6531359649122807
0.6531359649122807
0.6531359649122807
0.6531359649122807
0.6526789635485287
0.6526789635485287
0.6526789635485287
0.6526789635485287
0.6526789635485287
0.6526789635485287
0.6526789635485287
0.6522207563764292
0.6522207563764292
0.6522207563764292
0.6522207563764292
0.6522207563764292
0.6522207563764292
0.6517613386173492
0.6388521943343608
0.6388521943343608
0.6388521943343608
0.631497301202771
0.631497301202771
0.6264395556007181
0.6219089390142022
0.6219089390142022
0.6219089390142022
0.6219089390142022
0.6219089390142022
0.6219089390142022
0.6219089390142022
0.6219089390142022
0.6219089390142022
0.6219089390142022
0.6219089390142022
0.6219089390142022
0.6219089390142022
0.6144953183287223
0.6116394927536232
0.6116394927536232
0.6116394927536232
0.6029934602149486
0.5940548719786565
0.5940548719786565
0.5940548719786565
0.5940548719786565
0.5940548719786565
0.5940548719786565
0.5940548719786565
0.5940548719786565
0.5940548719786565
0.5940548719786565
0.5940548719786565
0.5940548719786565
0.5940548719786565
0.5940548719786565
0.5940548719786565
0.5940548719786565
0.5940548719786565
0.5940548719786565
0.5940548719786565
0.5940548719786565
0.5940548719786565
0.5940548719786565
0.5940548719786565
0.5940548719786565
0.5940548719786565
0.5940548719786565
0.5940548719786565
0.5940548719786565
0.5940548719786565
0.5940548719786565
0.5940548719786565
0.5940548719786565
0.5940548719786565
0.5940548719786565
0.5940548719786565
0.5940548719786565
0.5940548719786565
0.5940548719786565
0.5940548719786565
0.5940548719786565
0.5940548719786565
0.5940548719786565
0.5940548719786565
0.5940548719786565
0.5940548719786565
0.5940548719786565
0.5940548719786565
0.5940548719786565
0.5940548719786565
0.5940548719786565
0.5940548719786565
0.5940548719786565
0.5940548719786565
0.5940548719786565
0.5940548719786565
0.5940548719786565
0.5940548719786565
0.5940548719786565
0.5935207336523126
0.5935207336523126
0.5935207336523126
0.5935207336523126
0.5935207336523126
0.5935207336523126
0.5935207336523126
0.5935207336523126
0.5935207336523126
0.5935207336523126
0.5935207336523126
0.5935207336523126
0.592985187846848
0.592985187846848
0.592985187846848
0.592985187846848
0.592985187846848
0.592985187846848
0.5924482289917646
0.5924482289917646
0.591370049703383
0.5812220859281626
0.5754281949934124
0.5754281949934124
0.5754281949934124
0.5709093296870534
0.5676010678871091
0.5676010678871091
0.5676010678871091
0.5676010678871091
0.5676010678871091
0.5676010678871091
0.5676010678871091
0.5676010678871091
0.5676010678871091
0.5676010678871091
0.5676010678871091
0.5676010678871091
0.5676010678871091
0.5676010678871091
0.5676010678871091
0.5676010678871091
0.5664601736071279
0.5664601736071279
0.5664601736071279
0.5664601736071279
0.5588744588744589
0.5588744588744589
0.5588744588744589
0.5588744588744589
0.5588744588744589
0.5588744588744589
0.5588744588744589
0.5588744588744589
0.5588744588744589
0.5588744588744589
0.5513325720768123
0.5444407942765367
0.5444407942765367
0.5444407942765367
0.5444407942765367
0.5444407942765367
0.5444407942765367
0.5444407942765367
0.5444407942765367
0.5444407942765367
0.5444407942765367
0.5444407942765367
0.5444407942765367
0.5444407942765367
0.5444407942765367
0.5444407942765367
0.5438413742690058
0.5438413742690058
0.5438413742690058
0.5438413742690058
0.5438413742690058
0.5438413742690058
0.5438413742690058
0.5438413742690058
0.5438413742690058
0.5438413742690058
0.5438413742690058
0.5438413742690058
0.5432403747621138
0.5432403747621138
0.5426377895045441
0.5426377895045441
0.5426377895045441
0.5426377895045441
0.5426377895045441
0.5330395362770788
0.5314558541094538
0.5284513762774632
0.5284513762774632
0.5284513762774632
0.5284513762774632
0.5219824561403509
0.5219824561403509
0.5219824561403509
0.5219824561403509
0.5219824561403509
0.5207211961301671
0.5207211961301671
0.51444074613411
0.51444074613411
0.51444074613411
0.51444074613411
0.51444074613411
0.5024596516055123
0.5024596516055123
0.5024596516055123
0.5024596516055123
0.5024596516055123
0.5024596516055123
0.5024596516055123
0.5024596516055123
0.5024596516055123
0.5024596516055123
0.5024596516055123
0.5024596516055123
0.5024596516055123
0.5024596516055123
0.5024596516055123
0.5024596516055123
0.5024596516055123
0.5024596516055123
0.5024596516055123
0.5024596516055123
0.5024596516055123
0.5024596516055123
0.5024596516055123
0.5024596516055123
0.5024596516055123
0.5024596516055123
0.5024596516055123
0.5024596516055123
0.5024596516055123
0.5024596516055123
0.5024596516055123
0.5018049932523617
0.5018049932523617
0.5018049932523617
0.5018049932523617
0.5018049932523617
0.5018049932523617
0.5018049932523617
0.5018049932523617
0.5018049932523617
0.5018049932523617
0.5018049932523617
0.5018049932523617
0.5018049932523617
0.5018049932523617
0.5018049932523617
0.5018049932523617
0.5018049932523617
0.5018049932523617
0.5018049932523617
0.501148609844262
0.501148609844262
0.501148609844262
0.5004904945538191
0.4998306405175626
0.49274998325631236
0.48852108036890646
0.48852108036890646
0.4864914021164021
0.48312215724496427
0.48312215724496427
0.48312215724496427
0.48312215724496427
0.48312215724496427
0.48312215724496427
0.48312215724496427
0.48312215724496427
0.481758363464608
0.481758363464608
0.4774878907970057
0.4765095279411292
0.4765095279411292
0.4765095279411292
0.4664758150303485
0.4664758150303485
0.4664758150303485
0.4664758150303485
0.4664758150303485
0.4664758150303485
0.4664758150303485
0.4664758150303485
0.4664758150303485
0.4664758150303485
0.46577380952380953
0.46577380952380953
0.46577380952380953
0.46577380952380953
0.46577380952380953
0.46577380952380953
0.46577380952380953
0.46577380952380953
0.46577380952380953
0.46577380952380953
0.46577380952380953
0.46577380952380953
0.46436424173891194
0.46436424173891194
0.45612492092147694
0.4541624536568925
0.4541624536568925
0.44962189957652754
0.44962189957652754
0.44962189957652754
0.44962189957652754
0.44962189957652754
0.44962189957652754
0.44962189957652754
0.44962189957652754
0.44962189957652754
0.43528982333187327
0.43528982333187327
0.43528982333187327
0.43528982333187327
0.43528982333187327
0.43528982333187327
0.43528982333187327
0.43528982333187327
0.43528982333187327
0.43528982333187327
0.43528982333187327
0.43528982333187327
0.43528982333187327
0.43528982333187327
0.43528982333187327
0.43528982333187327
0.43528982333187327
0.43528982333187327
0.43528982333187327
0.43528982333187327
0.43528982333187327
0.43528982333187327
0.43528982333187327
0.43528982333187327
0.43528982333187327
0.43528982333187327
0.43528982333187327
0.43528982333187327
0.43528982333187327
0.43528982333187327
0.43528982333187327
0.43528982333187327
0.43528982333187327
0.43528982333187327
0.43528982333187327
0.43528982333187327
0.43528982333187327
0.43528982333187327
0.434546783625731
0.434546783625731
0.434546783625731
0.434546783625731
0.434546783625731
0.434546783625731
0.434546783625731
0.434546783625731
0.433801785975699
0.433801785975699
0.4242853869507934
0.4204442558007923
0.4204442558007923
0.4204442558007923
0.4204442558007923
0.4204442558007923
0.4204442558007923
0.4204442558007923
0.4204442558007923
0.4204442558007923
0.41517394107588373
0.41517394107588373
0.41517394107588373
0.4080020805957074
0.4080020805957074
0.4080020805957074
0.4080020805957074
0.4080020805957074
0.4080020805957074
0.4080020805957074
0.4080020805957074
0.4080020805957074
0.4080020805957074
0.4080020805957074
0.4072231359649123
0.4072231359649123
0.4072231359649123
0.4072231359649123
0.4072231359649123
0.4072231359649123
0.4072231359649123
0.4072231359649123
0.4072231359649123
0.4072231359649123
0.39806673657605335
0.39806673657605335
0.3948032961190856
0.3948032961190856
0.3948032961190856
0.3948032961190856
0.3948032961190856
0.39002635046113304
0.38725895588022946
0.38392466053438457
0.38392466053438457
0.38392466053438457
0.38392466053438457
0.38392466053438457
0.38392466053438457
0.38392466053438457
0.38392466053438457
0.38392466053438457
0.38392466053438457
0.38392466053438457
0.38392466053438457
0.38392466053438457
0.38392466053438457
0.38392466053438457
0.38392466053438457
0.38392466053438457
0.3831140350877193
0.3831140350877193
0.3831140350877193
0.3831140350877193
0.3831140350877193
0.38230127360562144
0.38230127360562144
0.37487331509070637
0.3720927318295739
0.3720927318295739
0.3720927318295739
0.3720927318295739
0.3677256568971089
0.3625225093687643
0.3625225093687643
0.3625225093687643
0.3625225093687643
0.3625225093687643
0.3625225093687643
0.3625225093687643
0.3625225093687643
0.3616837231968811
0.3616837231968811
0.3616837231968811
0.36084272678475576
0.36084272678475576
0.35183736367946894
0.35183736367946894
0.35183736367946894
0.3433732162205777
0.3433732162205777
0.3433732162205777
0.3433732162205777
0.3433732162205777
0.3433732162205777
0.3433732162205777
0.3433732162205777
0.3433732162205777
0.3433732162205777
0.3433732162205777
0.3433732162205777
0.3433732162205777
0.3433732162205777
0.3433732162205777
0.3433732162205777
0.3433732162205777
0.3433732162205777
0.3433732162205777
0.3433732162205777
0.3433732162205777
0.3433732162205777
0.3433732162205777
0.3433732162205777
0.34250923361034163
0.34250923361034163
0.333659469185785
0.333659469185785
0.3261388523872098
0.3261388523872098
0.3261388523872098
0.3261388523872098
0.3261388523872098
0.3261388523872098
0.3261388523872098
0.3261388523872098
0.3261388523872098
0.3261388523872098
0.3261388523872098
0.3261388523872098
0.3261388523872098
0.3261388523872098
0.32525219298245617
0.32525219298245617
0.32525219298245617
0.317255027813436
0.3105458565379722
0.3105458565379722
0.3105458565379722
0.3105458565379722
0.3105458565379722
0.3105458565379722
0.3105458565379722
0.3105458565379722
0.3105458565379722
0.3105458565379722
0.3105458565379722
0.3105458565379722
0.3105458565379722
0.3096386800334169
0.3023765809873521
0.299108138238573
0.296370405765938
0.296370405765938
0.296370405765938
0.296370405765938
0.296370405765938
0.296370405765938
0.296370405765938
0.2954445773524721
0.2888206627680312
0.2834276028871241
0.2834276028871241
0.2834276028871241
0.2834276028871241
0.2834276028871241
0.2834276028871241
0.2834276028871241
0.2834276028871241
0.2824847444698703
0.2715633669148781
0.2715633669148781
0.2715633669148781
0.2715633669148781
0.2715633669148781
0.2715633669148781
0.26502864303616186
0.2606482698204117
0.2606482698204117
0.2606482698204117
0.2606482698204117
0.2606482698204117
0.2606482698204117
0.2606482698204117
0.2606482698204117
0.25453216374269005
0.2505727955793659
0.2505727955793659
0.2505727955793659
0.2505727955793659
0.2505727955793659
0.2505727955793659
0.2505727955793659
0.2448278715657067
0.24124365276358267
0.24124365276358267
0.24124365276358267
0.24124365276358267
0.24124365276358267
0.24124365276358267
0.24124365276358267
0.24124365276358267
0.24124365276358267
0.24124365276358267
0.232580877291784
0.232580877291784
0.232580877291784
0.232580877291784
0.22451553461114385
0.22451553461114385
0.22451553461114385
0.22451553461114385
0.22451553461114385
0.22451553461114385
0.22451553461114385
0.22451553461114385
0.22451553461114385
0.22451553461114385
0.21698788144254635
0.21698788144254635
0.21698788144254635
0.2159576023391813
0.2099458833170842
0.2099458833170842
0.2099458833170842
0.2099458833170842
0.20334401007446343
0.20334401007446343
0.20334401007446343
0.20334401007446343
0.20334401007446343
0.19714225036169847
0.19714225036169847
0.19714225036169847
0.19714225036169847
0.1874459699974574
0.18580188974407108
0.18580188974407108
0.18580188974407108
0.18060422446099186
0.18060422446099186
0.17568751405807911
0.17568751405807911
0.17568751405807911
0.17568751405807911
0.16661051023731707
0.16661051023731707
0.16241239597021462
0.16241239597021462
0.15841906776492207
0.1475281726595787
0.1442205674794374
0.1442205674794374
0.13802760458896002
0.12966710468681558
0.12462936756629267
0.10968692695457212
0.10968692695457212
0.0
0.0
0.0
0.0
0.0
0.0
0.0
0.0
0.0
0.0
0.0
0.0
0.0
0.0
0.0
0.0
0.0
0.0
0.0
0.0
0.0
0.0
0.0
0.0
0.0
0.0
0.0
0.0
0.0
0.0
0.0
0.0
0.0
0.0
0.0
0.0
0.0
0.0
0.0
0.0
0.0
0.0
0.0
0.0
0.0
0.0
0.0
0.0
0.0
0.0
0.0
0.0
0.0
0.0
0.0
0.0
0.0
0.0
0.0
0.0
0.0
0.0
0.0
0.0
0.0
0.0
0.0
0.0
0.0
0.0
0.0
0.0
0.0
0.0
0.0
0.0
0.0
0.0
0.0
0.0
0.0
0.0
0.0
0.0
0.0
0.0
0.0
0.0
0.0
0.0
0.0
0.0
0.0
0.0
0.0
0.0
0.0
0.0
0.0
0.0
0.0
0.0
0.0
0.0
0.0
0.0
0.0
0.0
0.0
0.0
0.0
0.0
0.0
0.0
0.0
0.0
0.0
0.0
0.0
0.0
0.0
0.0
0.0
0.0
0.0
0.0
0.0
0.0
0.0
0.0
0.0
0.0
0.0
0.0
0.0
0.0
0.0
0.0
0.0
0.0
0.0
0.0
0.0
0.0
0.0
0.0
0.0
0.0
0.0
0.0
0.0
0.0
0.0
0.0
0.0
0.0
0.0
0.0
0.0
0.0
0.0
0.0
0.0
0.0
0.0
0.0
0.0
0.0
0.0
0.0
0.0
0.0
0.0
0.0
0.0
0.0
0.0
0.0
0.0
0.0
0.0
0.0
0.0
0.0
0.0
0.0
0.0
0.0
0.0
0.0
0.0
0.0
0.0
0.0
0.0
0.0
0.0
0.0
0.0
0.0
0.0
0.0
0.0
0.0
0.0
0.0
0.0
0.0
0.0
0.0
0.0
0.0
0.0
0.0
0.0
0.0
0.0
0.0
0.0
0.0
0.0
0.0
0.0
0.0
0.0
0.0
0.0
0.0
0.0
0.0
0.0
0.0
0.0
0.0
0.0
0.0
0.0
0.0
0.0
0.0
0.0
0.0
0.0
0.0
0.0
0.0
0.0
0.0
0.0
0.0
0.0
0.0
0.0
0.0
0.0
0.0
0.0
0.0
0.0
0.0
0.0
0.0
0.0
0.0
0.0
0.0
0.0
0.0
0.0
0.0
0.0
0.0
0.0
0.0
0.0
0.0
0.0
0.0
0.0
0.0
0.0
0.0
0.0
0.0
0.0
0.0
0.0
0.0
0.0
0.0
0.0
0.0
0.0
0.0
0.0
0.0
0.0
0.0
0.0
0.0
0.0
0.0
0.0
0.0
0.0
0.0
0.0
0.0
0.0
0.0
0.0
0.0
0.0
0.0
0.0
0.0
0.0
0.0
0.0
0.0
0.0
0.0
0.0
0.0
0.0
0.0
0.0
0.0
0.0
0.0
0.0
0.0
0.0
0.0
0.0
0.0
0.0
0.0
0.0
0.0
0.0
0.0
0.0
0.0
0.0
0.0
0.0
0.0
0.0
0.0
0.0
0.0
0.0
0.0
0.0
0.0
0.0
0.0
0.0
0.0
0.0
0.0
0.0
0.0
0.0
0.0
0.0
0.0
0.0
0.0
0.0
0.0
0.0
0.0
0.0
0.0
0.0
0.0
0.0
0.0
0.0
0.0
0.0
0.0
0.0
0.0
0.0
0.0
0.0
0.0
0.0
0.0
0.0
0.0
0.0
0.0
0.0
0.0
0.0
0.0
0.0
0.0
0.0
0.0
0.0
0.0
0.0
0.0
0.0
0.0
0.0
0.0
0.0
0.0
0.0
0.0
0.0
0.0
0.0
0.0
0.0
0.0
0.0
0.0
0.0
0.0
0.0
0.0
0.0
0.0
0.0
0.0
0.0
0.0
0.0
0.0
0.0
0.0
0.0
0.0
0.0
0.0
0.0
0.0
0.0
0.0
0.0
0.0
0.0
0.0
0.0
0.0
0.0
0.0
0.0
0.0
0.0
0.0
0.0
0.0
0.0
0.0
0.0
0.0
0.0
0.0
0.0
0.0
0.0
0.0
0.0
0.0
0.0
0.0
0.0
0.0
0.0
0.0
0.0
0.0
0.0
0.0
0.0
0.0
0.0
0.0
0.0
0.0
0.0
0.0
0.0
0.0
0.0
0.0
0.0
0.0
0.0
0.0
0.0
0.0
0.0
0.0
0.0
0.0
0.0
0.0
0.0
0.0
0.0
0.0
0.0
0.0
0.0
0.0
0.0
0.0
0.0
0.0
0.0
0.0
0.0
0.0
0.0
0.0
0.0
0.0
0.0
0.0
0.0
0.0
0.0
0.0
0.0
0.0
0.0
0.0
0.0
0.0
0.0
0.0
0.0
0.0
0.0
0.0
0.0
0.0
0.0
0.0
0.0
0.0
0.0
0.0
0.0
0.0
0.0
0.0
0.0
0.0
0.0
0.0
0.0
0.0
0.0
0.0
0.0
0.0
0.0
0.0
0.0
0.0
0.0
0.0
0.0
0.0
0.0
0.0
0.0
0.0
0.0
0.0
0.0
0.0
0.0
0.0
0.0
0.0
0.0
0.0
0.0
0.0
defined:
0.0
0.0
0.0
0.0
0.0
0.0
0.0
0.0
0.0
0.0
0.0
0.0
0.0
0.0
0.0
0.0
0.0
0.0
0.0
0.0
0.0
0.0
0.0
0.0
0.0
0.0
0.0
0.0
0.0
0.0
0.0
0.0
0.0
0.0
0.0
0.0
0.0
0.0
0.0
0.0
0.0
0.0
0.0
0.0
0.0
0.0
0.0
0.0
0.0
0.0
0.0
0.0
0.0
0.0
0.0
0.0
0.0
0.0
0.0
0.0
0.0
0.0
0.0
0.0
0.0
0.0
0.0
0.0
0.0
0.0
0.0
0.0
0.0
0.0
0.0
0.0
0.0
0.0
0.0
0.0
0.0
0.0
0.0
0.0
0.0
0.0
0.0
0.0
0.0
0.0
0.0
0.0
0.0
0.0
0.0
0.0
0.0
0.0
0.0
0.0
0.0
0.0
0.0
0.0
0.0
0.0
0.0
0.0
0.0
0.0
0.0
0.0
0.0
0.0
0.0
0.0
0.0
0.0
0.0
0.0
0.0
0.0
0.0
0.0
0.0
0.0
0.0
0.0
0.0
0.0
0.0
0.0
0.0
0.0
0.0
0.0
0.0
0.0
0.0
0.0
0.0
0.0
0.0
0.0
0.0
0.0
0.0
0.0
0.0
0.0
0.0
0.0
0.0
0.0
0.0
