0 81
1 95
0 92
0 71
0 73
2 76
0 77
2 85
2 98
2 99
1 118
0 106
1 66
1 81
2 74
1 60
2 51
2 59
0 93
3 73
1 76
2 73
4 57
3 72
0 44
1 53
4 87
2 70
0 82
3 87
3 100
3 79
3 67
4 51
12 79
1 60
4 69
2 53
2 80
5 79
4 92
3 71
12 96
2 85
0 89
1 80
0 98
0 75
0 55
2 76
0 72
1 54
1 70
4 80
2 51
4 63
3 72
4 80
4 96
3 88
1 46
2 68
0 62
0 51
1 74
5 80
6 68
2 69
5 41
6 52
4 76
4 71
1 101
4 89
8 108
4 91
0 70
3 78
8 83
2 62
2 52
8 55
9 77
1 84
5 52
9 59
8 67
2 70
6 32
4 46
13 66
5 52
3 74
7 87
10 100
7 74
7 31
6 33
4 39
2 42
0 42
3 51
1 60
4 49
6 65
3 70
8 77
0 68
0 66
4 72
1 86
1 57
0 63
1 78
1 51
2 51
4 64
16 67
6 49
8 40
2 76
6 77
7 94
1 82
0 52
5 60
9 65
2 43
0 65
6 96
17 70
6 75
3 50
12 58
25 50
8 71
4 87
11 97
35 90
7 93
0 67
6 72
13 86
4 65
2 34
5 67
9 78
4 76
6 55
13 64
16 44
10 55
7 30
5 70
12 79
0 68
3 82
16 84
11 109
2 90
10 37
8 83
13 67
5 67
2 47
3 78
13 64
9 71
9 64
17 78
20 83
9 67
2 74
10 80
11 99
6 70
0 60
0 89
1 82
1 65
2 73
5 80
4 65
1 62
0 82
3 87
4 114
0 64
3 62
4 93
1 54
1 79
0 80
3 72
1 74
0 65
1 73
2 80
2 80
2 94
1 94
4 117
0 101
1 75
0 65
0 88
1 60
0 54
9 50
5 73
1 81
2 70
9 76
5 63
5 67
3 34
6 50
7 75
3 57
4 84
9 72
9 95
2 73
6 49
4 61
10 55
7 58
5 46
3 74
11 67
5 72
8 70
9 85
13 88
6 74
0 84
3 87
3 98
0 73
2 50
0 54
0 48
2 53
3 58
4 68
3 48
4 55
0 69
4 66
2 93
3 79
0 54
2 43
1 66
2 45
3 58
2 75
4 63
2 55
6 70
4 82
2 47
7 42
4 62
7 55
7 54
2 63
1 56
2 63
10 45
2 45
2 38
4 45
4 55
6 47
13 44
10 50
7 42
2 48
6 31
2 48
4 61
3 59
8 51
4 61
4 65
3 73
14 66
5 73
4 66
3 61
7 67
10 54
7 94
8 75
13 94
5 67
2 74
6 57
5 89
2 56
0 57
0 95
0 61
2 68
4 62
8 80
2 52
2 50
6 75
9 82
10 106
1 90
0 48
4 61
5 68
1 47
1 68
2 64
16 39
6 50
14 62
25 57
10 39
7 40
10 66
8 60
21 71
8 70
0 68
5 71
14 69
5 60
8 50
10 45
9 46
2 59
14 51
10 62
14 42
18 41
12 24
6 53
22 66
11 61
2 56
10 63
14 71
4 61
6 29
4 26
14 37
6 33
6 43
7 58
7 38
6 37
8 67
16 64
15 58
9 46
0 53
6 47
9 56
3 39
3 59
0 71
5 53
2 45
5 66
16 85
12 38
2 43
10 70
2 95
16 93
6 80
1 50
8 54
6 61
1 42
3 46
8 50
24 28
9 45
8 29
15 20
16 18
9 22
7 46
9 43
20 36
6 55
2 45
10 44
20 34
4 49
1 41
5 40
6 62
1 63
3 41
12 52
8 55
8 51
5 23
5 50
4 64
5 60
0 47
6 59
8 60
4 56
9 37
6 52
11 48
6 49
1 28
3 60
14 63
8 65
12 62
11 69
18 57
8 56
1 57
8 67
10 64
3 56
0 66
1 60
0 68
2 54
4 49
10 54
4 58
3 46
6 79
5 71
5 93
9 74
0 49
5 47
6 58
0 43
1 75
0 91
6 76
3 73
1 62
2 89
1 70
4 69
4 68
2 59
2 87
0 73
1 62
1 74
1 91
0 59
4 47
8 61
6 71
4 69
7 62
16 86
17 60
13 69
11 32
11 45
16 68
9 56
1 54
11 59
18 69
6 45
3 41
4 67
6 55
0 55
2 42
3 86
11 73
7 79
4 86
11 84
17 79
12 68
0 65
10 84
6 93
2 64
0 47
1 66
2 51
2 51
5 46
5 78
4 47
5 55
3 81
3 74
9 92
4 87
1 40
2 55
8 62
1 42
2 63
2 67
7 47
3 57
5 71
9 72
3 65
9 61
17 87
13 89
16 86
5 91
1 82
7 76
13 70
2 73
2 44
3 41
7 46
2 53
13 42
14 39
7 51
6 59
24 19
11 45
11 43
7 39
1 86
13 73
11 70
3 72
8 56
7 47
14 68
6 61
11 54
9 39
10 84
11 81
29 110
22 92
26 66
13 67
1 94
7 72
11 81
5 73
2 69
1 85
6 72
1 66
8 66
9 69
4 44
10 39
14 105
16 103
18 109
6 112
0 63
9 61
7 63
2 57
1 42
4 42
5 43
3 43
4 48
14 41
12 48
10 51
17 89
8 90
15 85
5 89
2 83
6 73
10 70
2 72
3 42
5 40
5 52
2 59
8 46
14 40
12 50
8 62
15 18
7 35
13 47
4 44
0 77
14 59
11 78
5 71
6 13
10 22
7 38
6 40
2 42
10 50
6 70
7 66
13 102
9 107
8 68
4 60
0 73
2 70
4 66
0 63
2 70
4 89
7 67
4 67
11 77
20 82
12 46
10 38
16 114
9 122
16 123
5 115
1 74
9 65
4 72
1 61
5 58
9 94
16 57
4 75
6 90
23 110
19 83
14 79
11 99
19 93
24 118
15 113
4 82
13 105
16 114
5 94
2 52
11 80
3 76
3 78
6 84
19 108
23 79
13 79
16 42
10 64
9 97
8 83
5 93
25 102
20 122
6 104
6 39
6 56
21 50
8 57
10 37
14 55
24 63
21 69
14 97
31 91
24 67
10 52
3 66
13 70
13 88
5 60
1 76
0 91
3 79
5 66
5 76
9 88
9 45
6 47
7 119
7 116
20 123
4 113
2 67
7 64
7 90
3 59
0 69
0 102
2 77
3 83
1 80
1 97
3 82
0 81
1 97
3 101
1 140
0 113
1 74
3 83
2 104
0 78
2 66
5 90
4 76
5 91
5 75
9 82
5 75
10 75
9 30
7 55
8 84
4 61
3 77
9 83
9 98
4 74
4 50
6 75
7 69
3 82
3 52
9 59
10 83
5 85
12 110
13 111
15 96
5 81
0 81
2 86
8 95
1 76
1 69
1 97
2 67
1 81
7 64
8 76
2 39
1 43
3 107
7 105
5 136
2 119
0 56
1 62
6 70
0 55
0 77
0 90
1 81
1 73
1 66
1 72
0 68
1 68
3 80
1 75
1 76
0 83
0 86
3 88
1 82
0 76
0 60
2 72
0 88
0 80
2 66
4 72
2 64
2 65
0 57
2 62
2 67
1 66
2 84
0 91
0 87
1 71
4 63
2 58
4 78
1 66
1 65
3 58
4 86
3 81
3 113
2 95
1 83
3 80
0 103
4 92
2 99
0 87
0 70
1 93
2 84
0 74
2 65
2 83
1 53
1 50
1 96
3 98
3 99
0 104
1 57
0 74
0 66
0 55
2 63
1 71
4 60
3 63
8 36
8 41
11 57
11 54
7 80
5 77
5 100
3 82
1 89
3 94
4 102
5 83
6 61
6 64
4 75
1 85
8 57
13 53
9 65
9 68
7 40
5 50
9 86
7 62
2 74
9 74
11 97
9 74
5 23
2 16
4 34
4 28
4 27
3 29
4 47
10 46
6 76
8 77
8 45
6 49
1 69
7 69
6 58
0 62
1 75
2 76
4 70
1 62
5 61
14 54
9 35
6 35
8 89
9 91
13 86
6 89
1 58
8 57
9 48
2 46
0 65
5 100
22 53
7 74
2 69
7 101
13 74
6 70
6 76
13 71
26 88
10 91
2 81
14 101
27 101
4 93
5 52
7 86
10 77
4 85
3 81
14 107
13 77
9 71
17 45
7 69
15 93
6 88
1 88
9 109
17 116
2 99
6 53
8 79
17 59
6 72
6 73
8 106
18 91
8 92
17 86
18 90
21 87
4 81
4 84
11 111
8 125
4 88
2 85
2 115
4 90
3 88
5 99
10 124
2 85
3 69
1 117
3 106
6 138
5 117
0 77
6 91
2 113
0 76
0 64
0 71
2 67
1 62
0 43
1 57
3 63
1 62
1 62
1 67
3 95
0 71
0 70
1 81
2 88
1 71
2 61
4 60
3 73
2 77
3 58
3 67
8 56
6 65
7 30
5 51
6 74
3 50
2 68
9 73
12 72
3 64
5 49
2 47
4 55
3 52
2 41
6 48
9 69
6 71
7 89
5 92
12 83
3 67
1 86
6 89
4 94
0 82
0 64
0 67
2 56
0 59
0 51
2 60
1 35
0 41
2 82
3 83
2 106
0 88
1 48
2 55
1 57
1 46
0 72
1 83
3 92
3 62
6 78
2 82
1 71
3 69
10 72
3 73
9 105
0 88
0 62
5 66
6 79
1 59
5 65
7 75
8 77
5 62
9 77
4 83
9 52
6 67
5 39
1 48
6 84
1 69
3 45
8 44
8 61
5 44
5 60
14 58
13 55
4 54
5 63
11 60
7 45
5 67
12 68
6 67
20 61
13 60
0 68
2 74
3 62
5 55
2 65
1 77
3 82
0 58
3 74
3 74
7 53
5 58
13 60
8 57
7 92
1 75
2 41
4 48
1 60
1 38
6 50
6 70
10 49
5 49
5 41
14 53
8 45
9 43
14 66
10 61
14 72
6 64
1 64
8 65
11 65
5 52
14 48
16 52
19 56
14 54
13 45
23 42
19 49
17 48
13 22
13 40
15 50
8 43
2 41
7 55
8 53
4 39
15 29
13 27
12 36
16 29
2 53
6 48
8 46
5 48
11 61
6 57
18 58
12 57
2 62
10 49
10 64
4 53
7 62
3 79
4 57
0 67
8 58
20 63
17 44
11 40
6 61
6 70
16 79
7 72
1 41
6 50
5 63
1 42
6 65
6 97
10 76
3 76
5 63
12 82
6 64
7 69
16 74
9 89
19 99
7 76
6 89
12 88
17 102
5 76
5 49
8 80
6 92
5 87
2 69
8 88
8 53
6 62
10 42
4 73
8 92
2 59
4 84
16 82
11 109
4 75
7 68
20 93
19 71
12 82
4 67
14 94
7 82
18 86
10 85
20 92
20 94
12 74
1 86
5 95
5 110
4 82
0 83
1 109
1 90
2 84
8 76
8 94
8 60
7 67
4 104
8 105
14 122
3 102
0 72
6 67
4 90
2 59
1 77
1 86
0 77
0 77
0 81
2 99
2 85
0 82
5 80
3 89
1 113
2 91
0 94
2 92
3 109
0 82
2 73
7 65
7 93
3 99
8 83
8 91
4 82
6 77
5 51
5 54
6 81
3 59
2 91
11 71
6 99
3 68
15 64
7 78
15 61
11 76
8 66
12 86
11 86
9 93
14 105
13 117
13 108
5 106
2 112
3 115
4 117
3 98
0 76
1 83
1 76
1 74
3 73
5 89
8 69
4 66
1 98
2 102
12 118
5 102
1 65
0 64
2 85
2 52
1 86
4 90
11 90
5 78
6 67
14 60
5 75
7 62
10 67
11 56
19 64
6 71
3 65
5 69
10 66
3 53
11 59
15 61
12 69
9 68
21 64
33 52
18 43
10 52
17 30
3 38
14 46
10 51
4 59
16 46
11 57
5 49
4 69
11 75
13 52
15 68
8 60
3 70
10 55
8 66
26 84
13 90
16 73
5 74
0 90
12 80
8 82
4 73
1 77
0 101
2 81
1 83
2 79
7 79
8 69
5 64
18 85
12 83
18 116
3 104
1 73
7 69
8 87
2 63
3 84
16 81
18 61
8 67
10 53
25 59
23 44
15 48
19 66
9 64
22 73
7 78
0 76
8 77
16 71
6 70
13 65
26 48
19 64
8 71
22 60
30 88
16 58
16 52
25 22
15 42
18 59
12 57
2 61
28 55
17 65
12 61
20 28
12 19
21 40
15 32
8 51
9 60
14 46
14 50
30 71
25 70
22 60
18 52
1 82
20 52
8 80
8 66
1 77
8 75
6 69
3 67
12 63
26 77
19 51
18 48
18 78
12 96
19 107
7 98
2 68
20 58
12 79
8 61
8 43
17 40
26 26
13 41
11 23
13 15
16 13
10 20
14 60
15 52
25 43
17 52
4 52
14 42
22 35
9 37
8 41
10 37
8 71
7 70
7 46
15 60
11 60
9 56
11 26
5 51
16 57
5 52
3 55
11 61
10 67
8 49
15 59
10 70
29 49
12 72
11 50
21 76
27 65
21 74
18 72
26 67
23 46
14 50
3 70
21 67
15 71
8 70
1 77
2 67
2 69
1 67
13 55
11 71
11 51
8 47
8 96
9 85
15 95
6 96
2 58
8 55
11 56
1 54
2 81
1 106
5 84
1 74
1 61
7 90
3 69
0 74
6 78
5 77
5 102
2 88
0 66
3 82
3 92
1 60
14 54
13 68
11 91
7 83
13 70
30 77
30 65
26 71
21 34
13 43
23 65
10 56
5 66
16 62
14 80
10 46
16 60
11 89
23 61
11 69
3 71
16 99
9 88
11 98
15 111
18 112
22 84
13 83
4 103
18 111
7 117
2 98
1 68
2 89
2 75
2 59
14 55
18 85
12 55
9 58
6 100
14 88
11 120
8 104
2 58
6 71
8 83
0 55
3 47
5 45
6 27
5 26
10 44
17 39
8 28
10 21
28 30
22 29
22 28
5 31
1 55
12 39
13 34
8 27
9 21
6 21
15 32
7 35
16 12
17 8
15 13
6 23
23 4
10 17
19 17
5 14
2 27
16 18
13 28
8 16
14 53
14 46
15 47
6 46
14 52
8 44
7 51
16 42
24 56
17 46
18 47
9 47
6 72
17 53
20 52
5 55
1 60
1 59
4 54
3 47
13 52
14 38
9 34
13 31
23 46
14 41
23 47
6 55
3 51
11 37
14 39
1 41
1 56
4 44
7 49
1 50
8 25
7 17
11 41
4 48
11 62
3 79
9 67
4 67
1 72
10 73
7 70
3 68
4 44
8 35
4 58
4 59
14 56
14 51
16 38
13 47
12 22
12 56
18 53
7 52
1 68
21 58
8 73
4 65
11 13
9 26
8 34
5 36
4 57
11 63
8 43
2 44
11 79
12 78
8 60
5 47
3 78
7 72
3 72
4 58
0 61
1 71
5 59
1 57
17 64
15 76
8 46
7 39
9 82
8 78
9 91
4 77
1 67
8 55
12 59
4 50
6 62
12 87
15 66
13 69
2 61
10 93
15 70
9 69
17 65
9 69
33 81
9 87
0 83
8 97
17 104
14 73
2 44
14 62
10 61
4 70
11 78
26 104
16 64
7 64
20 34
14 77
20 99
13 92
6 84
23 104
13 124
20 86
11 62
16 72
20 52
12 63
9 61
17 80
12 55
15 62
28 58
26 80
15 65
8 38
1 72
23 72
13 89
6 55
0 67
2 91
4 71
0 67
9 63
21 84
6 53
12 46
14 73
15 83
23 86
6 77
1 59
7 69
8 86
5 57
0 83
1 103
1 88
0 93
1 64
0 67
3 77
1 74
3 75
2 67
4 107
1 86
0 76
1 75
2 96
1 70
6 55
10 77
5 73
14 77
12 76
17 79
7 57
9 59
4 28
9 53
9 85
8 65
4 61
8 71
8 83
7 59
5 75
8 100
9 74
4 93
7 74
10 85
9 67
12 71
9 94
10 96
13 90
8 83
3 93
10 98
11 97
2 90
1 57
1 95
2 61
0 71
5 61
5 81
6 41
2 44
4 66
11 67
9 93
2 80
0 49
1 65
1 69
1 47
0 98
0 103
2 90
2 79
1 100
2 98
1 73
1 69
3 106
4 92
5 90
2 94
2 82
3 84
0 72
2 57
1 64
1 74
2 94
1 83
2 75
1 80
1 77
9 73
2 37
3 71
1 89
3 78
1 84
3 96
3 99
2 75
5 63
2 66
7 82
11 68
6 63
4 64
1 76
3 71
3 121
4 107
5 81
4 85
1 101
2 103
5 90
1 82
1 80
1 86
2 82
1 74
3 88
4 87
3 52
4 49
4 109
1 101
2 106
1 111
0 76
4 77
2 72
1 62
7 74
9 71
13 61
10 64
11 64
24 45
16 60
11 58
6 94
11 99
15 109
8 97
2 70
7 91
7 90
4 77
5 76
15 67
14 74
12 83
24 59
20 62
31 59
14 78
26 20
7 85
30 84
14 75
2 86
31 84
29 92
11 88
10 16
12 13
18 39
10 38
13 35
11 33
11 44
12 42
11 93
20 85
20 54
15 53
2 81
16 68
12 64
2 64
2 74
1 72
7 68
4 57
13 68
17 58
10 38
15 29
11 94
15 87
24 86
9 93
4 65
15 52
18 51
3 54
3 70
10 94
16 70
4 83
9 80
13 116
10 74
11 66
14 83
18 75
18 111
8 104
2 73
8 89
11 102
2 77
5 53
10 79
10 73
5 82
5 81
21 107
25 66
7 76
8 45
13 88
24 106
2 114
3 99
10 129
16 132
9 109
10 73
8 103
24 76
10 101
11 89
18 123
21 93
16 96
18 102
25 112
24 102
12 85
2 99
17 125
23 118
4 91
2 88
1 126
4 96
2 97
10 105
28 134
11 84
5 79
4 117
6 124
10 150
6 133
2 85
5 117
3 129
2 93
1 81
1 76
1 78
0 71
2 73
4 75
1 74
1 70
4 84
1 79
3 112
1 84
0 67
3 62
4 74
2 57
8 60
13 55
16 59
5 71
7 62
8 70
14 58
14 65
4 22
10 59
12 82
6 60
3 73
10 80
12 79
9 65
4 71
9 68
7 76
6 81
8 57
15 66
6 79
11 82
11 115
8 122
22 92
12 85
1 107
12 106
7 101
1 100
2 63
0 77
3 58
2 55
4 60
8 77
5 41
4 42
6 87
7 95
3 116
7 86
2 58
2 73
0 70
1 54
1 69
2 76
2 65
2 47
1 73
5 71
6 43
4 66
6 54
6 45
10 55
0 50
1 53
4 55
5 45
1 36
6 58
10 73
7 64
4 53
6 62
18 62
14 42
16 66
11 41
6 59
7 64
3 44
1 49
21 53
5 52
8 27
19 50
27 67
30 57
16 58
10 59
27 62
12 56
19 75
18 54
18 63
22 67
11 68
1 52
9 67
3 66
3 58
2 70
2 94
2 83
0 56
8 65
11 80
9 54
13 60
9 65
12 68
23 71
2 66
1 52
7 67
7 58
2 39
2 46
7 59
3 29
7 27
5 45
10 43
3 30
4 31
9 57
9 38
11 54
5 34
1 58
5 47
6 58
3 32
7 39
27 55
17 33
9 47
9 40
23 46
19 32
11 46
10 49
7 46
18 33
5 33
4 55
14 53
11 46
4 37
21 22
29 15
25 24
16 22
9 53
18 53
7 41
7 35
14 31
16 39
18 46
9 36
0 46
4 35
9 37
6 25
2 57
1 74
2 64
1 68
8 52
17 71
23 46
17 49
5 36
8 61
21 64
9 61
4 39
7 46
5 62
7 48
8 46
11 89
16 67
11 64
4 48
12 75
19 41
11 56
13 64
15 75
25 90
8 73
3 65
11 55
16 88
4 52
5 34
26 61
23 56
10 57
3 46
16 69
11 44
12 51
11 42
11 72
11 106
4 69
8 66
21 59
21 103
7 59
17 63
29 102
34 88
17 97
12 78
41 92
19 83
29 83
20 51
27 63
33 69
11 64
4 64
14 60
18 90
5 61
4 81
4 110
3 100
3 78
6 86
13 96
14 65
15 63
14 82
11 83
23 103
8 77
3 79
8 58
8 101
4 50
0 80
1 87
2 64
3 69
2 76
4 86
0 70
0 73
4 80
5 77
3 92
3 80
2 77
2 70
3 76
0 55
6 53
20 63
5 71
8 79
4 59
16 75
15 61
18 65
5 34
5 45
12 65
7 52
2 60
11 47
17 63
13 36
13 68
16 84
27 74
25 80
12 75
23 90
21 85
10 96
14 82
18 93
32 89
11 96
9 88
13 92
7 114
4 91
1 63
3 74
4 72
1 72
4 62
9 74
9 68
16 55
11 60
15 60
13 95
2 85
1 59
1 57
3 83
1 52
3 63
3 65
0 49
0 39
6 70
5 58
1 42
5 26
10 55
3 44
14 37
2 34
2 63
3 51
2 44
0 24
7 41
8 53
13 35
4 39
15 42
16 42
13 29
4 31
14 39
9 47
15 44
5 30
4 56
12 58
8 54
2 27
10 67
11 95
14 72
17 65
5 88
10 97
1 76
8 75
14 57
10 68
17 85
1 81
1 69
6 78
11 75
2 56
1 73
2 105
3 78
1 66
7 83
4 105
5 67
8 62
13 55
13 66
9 89
5 65
1 66
5 81
4 77
0 45
11 60
7 58
5 34
3 38
11 54
14 61
3 34
6 32
9 62
6 49
8 72
3 48
3 69
6 69
5 69
3 49
13 66
22 65
16 47
13 56
12 60
30 67
22 41
15 51
18 49
13 50
26 46
7 48
11 65
22 67
8 65
15 48
23 19
23 21
20 32
15 26
12 55
20 79
6 48
7 35
16 39
22 52
18 55
9 47
1 45
9 52
11 56
6 31
4 70
1 80
2 73
2 74
10 66
28 75
15 60
18 52
12 52
8 68
13 79
4 82
1 54
5 58
7 80
5 60
5 25
14 25
16 16
5 26
15 27
19 12
20 15
14 20
16 47
15 46
10 48
15 49
1 53
11 42
14 39
10 36
2 45
9 45
6 55
6 53
8 55
20 74
19 42
12 49
8 42
8 55
8 81
3 76
2 63
14 65
7 82
6 61
14 71
15 75
19 87
12 99
10 71
17 96
19 100
22 104
12 64
6 64
18 64
13 70
0 64
9 67
18 62
4 63
1 96
0 90
5 75
1 73
9 84
9 101
5 67
7 62
3 102
11 73
11 83
5 85
1 80
2 76
5 67
1 55
1 84
2 105
2 71
1 57
1 98
2 107
4 71
4 85
10 92
2 76
7 88
2 83
2 83
4 79
2 80
3 61
13 58
23 90
17 81
7 78
14 84
29 98
19 70
21 85
8 46
10 47
18 72
9 59
3 64
20 54
16 73
12 47
7 83
18 105
15 106
10 95
13 83
26 94
16 109
11 128
19 106
19 97
24 116
8 121
0 110
16 107
8 128
4 113
0 78
4 109
2 92
2 66
13 72
13 94
9 70
10 72
8 89
9 77
16 104
3 94
2 68
8 73
6 90
2 64
2 101
7 83
7 68
1 71
9 90
18 72
13 62
9 65
32 84
12 85
15 82
3 80
3 118
15 89
14 86
5 83
4 58
5 56
8 73
3 80
17 85
20 82
11 68
17 71
27 40
14 78
21 57
2 63
1 106
24 87
10 85
7 75
19 70
15 80
21 75
14 68
20 63
21 69
15 89
18 81
22 146
42 132
24 81
14 76
6 119
17 120
16 112
8 98
2 94
3 111
3 90
1 75
11 105
21 103
8 66
12 54
26 128
20 141
18 139
9 130
3 103
13 106
16 96
3 84
2 78
4 70
8 51
3 61
12 59
20 45
13 43
7 61
14 89
9 99
7 82
5 79
1 106
4 109
16 77
4 86
14 68
14 67
12 79
7 99
21 102
33 89
22 67
19 92
31 44
16 80
18 53
9 65
8 107
18 94
11 75
6 84
16 23
34 17
29 43
13 47
6 56
26 76
6 81
11 75
17 122
25 145
20 77
10 70
1 103
13 117
18 90
2 93
3 89
4 124
6 93
5 103
21 103
34 124
19 63
22 75
12 143
24 155
31 144
12 162
4 110
16 118
18 100
10 111
5 61
16 77
20 59
14 71
8 55
15 97
21 53
12 61
21 75
27 69
28 99
12 87
4 74
20 81
25 96
9 77
6 42
19 51
13 68
13 73
20 65
29 106
28 53
14 63
25 44
14 73
27 103
9 82
4 91
30 88
26 125
12 93
24 67
18 71
32 81
23 83
16 76
35 78
20 99
19 107
22 75
15 96
6 82
18 52
3 58
16 62
23 77
9 56
5 75
1 95
3 76
2 59
9 74
23 95
14 53
14 52
12 108
16 114
28 104
7 105
1 66
13 67
8 81
3 51
1 85
4 99
1 78
2 81
0 89
2 90
5 69
0 89
5 91
4 87
3 108
2 102
2 80
6 78
1 81
1 63
3 54
15 74
14 76
4 96
12 85
14 101
12 70
26 78
9 33
3 50
12 77
16 59
3 69
17 56
14 73
9 56
8 87
8 98
16 104
12 112
8 98
14 93
19 103
13 125
20 122
28 108
31 105
18 109
2 115
5 112
10 125
4 112
0 58
1 84
2 77
1 75
2 71
9 77
12 54
10 65
4 93
8 94
10 130
6 118
0 56
6 63
8 76
1 58
0 104
1 101
0 84
0 79
1 112
3 96
2 78
0 73
2 116
4 94
0 100
0 91
2 123
3 109
2 102
2 84
2 66
0 85
1 99
0 97
2 88
1 94
1 70
2 65
2 70
4 78
3 78
3 58
1 106
0 116
0 104
0 75
3 77
2 99
7 86
2 77
2 79
6 92
3 97
1 83
4 124
1 137
5 112
2 97
0 120
1 137
2 121
2 96
0 83
1 112
0 90
2 71
2 87
5 102
4 71
3 53
1 112
3 122
2 120
1 100
0 78
1 96
1 82
0 54
3 77
6 83
7 54
4 66
12 70
5 74
9 60
13 63
8 98
7 102
12 95
3 91
4 105
10 120
12 103
1 99
8 80
13 89
7 92
9 109
13 90
17 88
9 74
17 83
14 64
10 71
14 59
4 64
3 107
21 100
24 77
12 82
8 20
5 18
11 37
11 32
2 35
10 54
7 55
4 63
8 82
8 101
13 64
8 67
2 78
13 93
12 72
5 74
2 75
2 91
3 73
4 87
11 63
7 88
12 51
9 75
6 99
13 105
14 94
6 117
3 65
5 81
12 59
2 80
3 71
6 94
10 77
3 90
3 80
11 121
8 73
7 73
9 95
7 96
17 119
2 104
1 105
6 124
11 138
3 111
2 60
6 77
8 89
5 97
7 79
17 119
7 65
9 62
17 60
7 78
14 115
10 81
2 106
14 117
15 149
4 114
10 97
12 99
16 109
14 120
11 101
13 137
17 117
17 121
14 92
27 92
18 113
8 95
4 91
11 119
18 131
3 110
0 105
1 129
4 98
1 102
6 108
12 154
6 84
4 81
9 119
12 126
6 148
8 116
0 89
4 117
3 123
2 88
1 79
1 82
0 61
0 72
0 78
2 95
1 65
0 75
4 89
1 84
2 96
0 82
1 98
2 98
0 99
0 83
4 51
9 65
4 77
3 95
5 62
10 91
5 57
9 68
8 31
2 37
7 61
6 41
3 71
6 68
3 86
2 66
1 83
2 76
4 88
7 96
2 73
9 83
10 98
7 110
5 125
9 112
7 130
5 116
3 120
5 117
3 137
0 124
0 56
0 70
0 66
1 69
2 51
2 79
1 59
4 58
4 81
4 84
5 114
4 92
0 50
1 61
1 77
0 55
0 86
0 113
0 98
0 70
0 90
1 110
0 71
0 82
2 89
2 98
1 109
1 84
1 73
1 97
1 84
0 62
1 83
0 91
2 90
1 74
4 90
0 95
1 62
2 84
3 54
0 70
0 90
0 77
0 65
2 73
0 72
0 61
2 85
3 86
2 101
2 77
1 83
5 79
3 80
3 95
2 94
0 85
1 107
3 83
1 87
0 91
1 96
0 78
1 81
0 105
2 99
1 86
3 82
3 99
1 71
2 95
2 80
0 87
2 106
0 97
0 56
1 75
1 73
2 63
2 68
1 91
1 61
1 59
1 74
2 80
0 59
0 56
2 107
1 92
0 106
0 84
0 92
0 89
1 95
0 71
2 66
5 87
2 74
0 79
2 78
1 87
5 67
0 75
1 53
2 72
2 86
0 57
1 61
7 75
5 84
1 50
1 44
0 50
1 47
2 54
2 69
4 83
3 70
2 64
1 78
1 95
5 89
1 74
1 80
3 78
5 79
0 67
1 100
3 107
1 81
0 82
2 100
0 122
1 78
0 73
0 94
3 112
0 112
1 93
0 78
1 81
0 77
2 60
0 47
3 98
8 78
3 70
2 60
4 96
3 51
2 60
2 87
6 89
11 112
2 82
1 79
2 70
8 102
5 53
1 39
1 89
7 75
1 70
4 59
5 96
4 55
2 65
1 55
5 91
3 110
0 71
2 69
0 80
3 105
2 50
0 85
5 145
3 103
4 113
1 94
3 148
4 87
0 121
2 97
5 97
6 117
2 82
2 96
0 87
4 122
4 69
1 93
0 127
0 110
0 93
0 110
3 128
2 84
2 86
2 103
5 103
4 130
2 87
1 74
1 112
0 62
0 80
1 92
0 74
0 75
0 92
3 105
1 75
1 73
0 92
2 92
1 110
1 93
0 86
2 81
1 93
0 65
2 69
2 78
3 82
1 80
3 86
6 96
4 81
2 77
2 39
5 54
3 80
1 65
0 59
3 52
4 69
2 42
0 86
1 117
3 82
4 105
1 90
1 130
2 92
5 110
1 102
0 129
2 112
5 115
0 105
1 125
1 111
1 105
0 67
1 81
0 74
0 71
1 77
2 95
1 73
2 66
2 72
2 77
0 106
1 84
0 59
0 59
1 79
0 47
0 71
3 95
7 71
5 56
7 74
5 91
5 62
5 44
12 57
7 72
11 67
0 57
0 74
8 82
7 73
3 47
7 57
9 62
15 52
6 56
14 63
13 59
11 39
5 38
19 38
7 56
14 59
8 56
3 76
20 61
12 68
4 60
7 79
5 88
10 85
3 81
7 89
8 85
6 86
9 84
11 102
12 90
16 102
4 91
1 95
7 85
5 105
4 74
0 76
2 102
6 86
1 91
6 94
7 107
4 77
7 87
11 87
6 98
8 128
3 120
1 83
4 92
3 103
2 82
6 84
7 86
7 64
4 62
12 73
18 86
8 55
8 49
5 89
6 71
9 102
6 75
1 99
3 99
16 95
4 83
11 72
15 73
13 68
7 74
18 63
15 88
18 49
10 57
13 46
11 63
29 79
7 62
3 81
15 90
17 97
11 71
15 32
11 39
16 34
13 38
7 67
6 91
10 63
5 55
12 89
17 92
26 67
11 66
4 72
8 73
10 87
5 60
1 97
2 104
5 78
0 76
18 91
29 106
21 59
7 61
21 95
17 111
20 109
14 99
3 90
20 83
14 95
2 77
3 16
6 28
11 21
7 22
3 23
7 12
5 15
6 14
12 47
6 41
13 35
10 39
2 51
14 31
10 38
6 29
2 27
6 32
7 41
7 40
2 29
10 54
11 37
5 45
9 39
7 45
8 52
4 47
2 56
16 59
5 63
7 38
8 76
5 103
9 65
9 86
8 73
18 113
7 74
11 94
17 63
10 49
18 62
8 65
2 75
10 64
15 63
6 52
0 83
2 73
3 71
0 67
9 75
15 84
10 70
9 67
9 77
13 52
9 73
6 72
1 72
3 66
4 68
1 53
0 77
2 106
1 76
2 53
2 81
2 98
1 69
1 76
5 83
5 68
2 92
5 71
2 74
6 77
2 83
3 56
8 56
18 74
6 79
2 57
12 67
14 78
11 67
13 68
10 42
13 28
9 61
4 48
5 54
8 58
11 64
12 37
7 82
10 131
14 74
2 87
12 84
13 125
11 77
9 109
14 89
18 94
16 93
13 101
5 93
10 119
5 101
4 99
2 58
1 94
3 70
3 44
10 61
7 85
7 65
10 66
9 65
14 48
17 76
6 65
2 56
5 63
1 80
2 49
0 84
2 98
2 81
2 66
3 77
10 89
3 80
7 63
15 82
21 86
16 89
3 76
1 101
7 107
6 102
2 82
4 68
8 53
4 72
3 72
14 98
11 90
7 67
4 76
17 42
6 70
6 67
5 67
2 96
12 82
9 81
5 84
5 78
10 56
11 81
8 70
19 57
4 57
5 94
12 83
22 140
20 125
23 78
5 82
1 119
7 102
9 114
5 97
1 88
1 99
2 91
2 88
7 102
9 101
8 67
8 72
18 129
16 131
16 142
12 141
3 96
5 100
4 109
0 101
2 81
5 74
9 59
0 67
8 66
7 64
7 57
5 66
10 102
4 94
11 86
6 86
3 114
4 100
7 95
1 96
5 65
7 62
5 79
4 86
21 89
18 92
14 69
16 80
23 33
10 73
16 67
7 61
0 95
18 83
7 92
3 82
7 29
15 38
12 49
12 49
11 63
12 83
7 84
9 78
19 132
22 141
13 88
12 70
3 113
8 115
5 108
3 95
1 102
2 129
3 96
1 90
11 125
14 147
6 76
12 68
13 153
25 157
14 161
7 150
2 124
12 125
2 116
3 101
1 85
12 101
11 94
6 103
4 84
17 122
9 80
7 82
20 93
19 89
17 124
11 99
1 113
11 120
15 139
7 109
7 63
8 84
9 96
5 105
10 111
21 150
7 92
9 90
31 48
11 100
16 119
4 96
3 111
18 129
20 140
10 108
14 77
16 95
15 84
15 95
16 67
25 112
19 89
17 116
33 127
18 135
16 95
15 73
4 108
8 98
14 120
5 91
2 109
4 103
4 103
3 87
13 116
11 134
11 78
11 75
11 156
16 142
26 153
4 153
0 112
6 100
5 128
4 94
0 110
1 129
2 106
4 104
1 116
3 120
1 95
0 107
5 108
3 108
4 129
2 118
0 118
4 119
2 121
0 100
9 82
9 99
7 114
4 112
8 138
16 133
18 92
15 102
13 47
4 75
8 100
4 90
1 99
5 98
8 102
2 85
5 90
7 121
3 102
2 125
3 96
7 123
10 101
5 140
11 161
7 186
8 119
5 131
1 132
11 151
6 131
2 135
0 87
0 110
1 97
1 92
6 111
7 119
3 74
1 83
3 139
2 141
2 173
1 156
1 98
1 106
2 115
0 90
0 71
0 98
3 76
0 61
1 73
1 88
0 68
0 49
1 74
3 81
0 84
0 63
0 73
0 89
1 77
0 49
2 69
0 77
0 66
0 61
3 83
2 80
1 61
1 54
0 51
2 67
2 77
2 69
1 77
0 80
1 78
0 62
2 67
5 67
3 80
2 67
1 74
2 67
1 79
0 65
2 104
1 93
4 95
1 81
0 86
0 81
2 87
1 63
0 68
2 89
0 82
0 79
1 76
4 84
3 64
1 61
2 89
2 94
1 106
1 99
0 65
1 76
2 75
0 62
3 66
6 75
6 50
1 58
6 59
6 59
12 45
4 55
4 87
7 69
11 81
3 75
2 84
4 83
5 86
0 75
5 63
12 70
1 63
2 72
1 76
11 68
11 61
6 74
8 38
6 67
13 76
2 64
1 69
14 76
8 87
7 63
4 18
2 23
8 25
7 30
3 46
4 53
6 45
4 50
6 81
8 79
12 56
4 60
0 64
7 63
7 53
2 51
0 81
1 87
3 65
4 62
5 76
12 81
5 51
6 54
8 94
8 98
10 83
3 87
1 72
6 78
7 58
3 56
0 59
2 84
7 71
2 80
5 58
5 108
3 58
4 57
5 77
2 74
9 101
2 77
1 75
4 89
13 103
3 75
4 49
4 72
3 66
1 74
6 66
17 105
11 58
3 65
4 54
12 81
13 103
1 80
1 80
10 105
11 117
4 82
4 90
9 123
10 87
4 121
1 102
8 163
6 92
10 110
11 106
7 101
19 110
7 90
3 90
7 100
8 123
4 89
3 104
1 112
2 101
0 103
8 111
7 145
10 81
4 81
3 120
4 109
9 138
1 116
0 93
2 104
0 129
0 92
1 67
0 75
1 54
0 61
0 61
0 83
1 53
0 58
3 68
1 66
0 82
2 59
1 68
3 70
0 74
0 53
2 59
2 62
2 58
1 61
5 61
8 77
2 63
1 64
2 28
0 47
5 64
1 47
0 56
3 56
2 65
3 43
1 70
4 95
3 62
5 89
0 67
7 107
5 67
2 97
4 103
3 124
3 100
2 103
1 86
6 109
3 88
1 92
0 56
1 65
1 55
1 57
1 54
4 76
1 50
0 50
1 77
0 77
2 100
0 77
0 52
1 58
1 69
0 45
