80 2853
95 2118
91 1571
70 2853
72 2644
77 1695
76 1395
86 1673
99 1449
100 987
118 1227
105 1226
66 3193
81 2415
75 1662
60 2470
52 2674
60 1666
92 1938
75 1440
76 2916
74 2071
60 1906
74 2752
43 3059
53 2212
90 1781
71 2150
81 2717
89 1524
102 1373
81 1618
69 1746
54 2237
90 2332
60 1920
72 1797
54 1974
81 1617
83 1312
95 1533
73 1563
107 1367
86 1703
88 1470
80 1754
97 1303
74 2027
54 3175
77 1497
71 1467
54 2434
70 2757
83 2035
52 1943
66 2339
74 1933
83 1986
99 1307
90 1837
46 4755
69 2073
61 2780
50 3770
74 2565
84 1599
73 2394
70 1861
45 4036
57 1662
79 1389
74 1797
101 1420
92 1676
115 1066
94 2216
69 2470
80 2188
90 2412
63 1802
53 2787
62 2227
85 1523
84 1946
56 1890
67 1725
74 1517
71 1498
37 5299
49 2455
78 1863
56 1844
76 2683
93 1695
109 1524
80 1789
37 3183
38 4071
42 3922
43 3463
41 2543
53 2089
60 1912
52 2471
70 1721
72 2183
84 2428
67 1888
65 2150
75 2041
86 1922
57 2094
62 2083
78 2798
51 2663
52 2676
67 2113
82 1233
54 2732
47 1817
77 1616
82 1578
100 1638
82 1618
51 4729
64 2078
73 2018
44 4755
64 2390
101 1272
86 1433
80 1742
52 1826
69 1695
74 1524
78 1524
90 1420
107 1611
124 1420
99 2447
66 2470
77 2013
98 2168
68 1978
35 2894
71 2310
86 1935
79 1832
60 2098
76 1213
59 3083
64 2124
36 3335
74 1803
90 1528
67 1684
84 1784
99 1263
119 1805
91 1789
46 1884
90 1757
79 1666
71 1611
48 1772
80 1618
76 1626
79 1249
72 2158
94 1638
102 1158
75 2472
75 2029
89 1368
109 1174
75 1948
59 2226
88 2310
82 1196
65 2031
74 2605
84 1695
68 1848
62 2826
81 1606
89 1298
117 1107
63 4016
64 1510
96 1175
54 3032
79 2242
79 1965
74 1597
74 1762
64 2452
73 2917
81 1221
81 1797
95 1296
94 2167
120 2081
100 1370
75 2470
64 2121
87 1435
60 1958
53 3052
58 2073
77 1559
81 1562
71 2455
84 3279
67 2086
71 1512
36 6041
55 1657
81 2029
59 1583
87 2284
80 1818
103 1241
74 1695
54 2431
64 2666
64 2959
64 1485
50 3245
76 1848
77 1374
76 2142
77 2528
93 1423
100 1321
79 1637
83 1837
89 1494
100 1171
72 1837
51 2412
53 2073
47 1768
54 1577
60 2030
71 3349
50 2217
58 2185
68 2798
69 2402
94 1105
81 2298
53 3052
44 3051
66 1395
46 3214
60 2957
76 1919
66 1944
56 2513
75 1556
85 1981
48 2785
48 2498
65 2914
61 2415
60 2725
64 2943
56 2387
64 1625
54 2088
46 3259
39 2448
48 3188
58 2232
52 2440
56 3088
59 3550
48 2691
49 2520
36 3010
49 2528
64 2717
61 3489
58 2070
64 3276
68 1769
75 1951
79 1807
77 2006
69 2581
63 3148
73 1747
63 1808
100 1570
82 1782
106 2137
71 2645
75 1746
62 1885
93 1728
57 4800
56 2031
94 1519
60 1517
69 1991
65 3482
87 2052
53 1992
51 3071
80 2363
90 1601
115 1570
90 1705
47 4168
64 1541
72 1421
47 2912
68 1900
65 3286
54 2315
55 2678
75 2391
81 2077
48 2557
46 2413
75 1832
67 1630
91 1501
77 2200
67 1936
75 1211
82 1645
64 1683
57 2750
54 1646
54 1923
60 2250
64 1868
71 1710
55 1765
58 2938
35 2679
58 1573
87 1574
71 1974
57 2046
72 2107
84 1420
64 2766
34 2415
29 3067
50 2252
38 2804
48 2428
64 1759
44 2114
42 2701
74 2698
79 2090
72 1810
54 3290
52 1843
52 1311
64 2572
41 1923
61 1823
70 1536
57 1972
46 2141
70 2143
100 1185
49 2436
44 2632
79 2183
96 1357
108 1763
85 2430
50 3065
61 3210
66 1853
42 3780
48 2658
57 3183
51 3183
53 2111
36 2405
34 3823
33 4071
30 4071
52 2642
51 3181
55 1902
60 3181
46 1924
53 3103
53 2442
52 3103
41 2051
44 3226
67 2156
63 1548
43 3220
63 1652
62 1971
58 1965
27 3801
54 1877
67 1532
64 1788
46 2496
64 1932
67 2082
59 2789
45 3636
57 2708
58 1776
54 2805
28 4899
62 2112
76 1662
72 1443
73 2221
79 1632
74 1868
63 2796
57 1951
74 2847
73 1860
58 2791
65 5211
60 1677
67 1441
55 2552
52 4475
63 2690
61 2196
48 2702
84 1419
75 2244
97 1435
82 1632
48 2655
51 3422
63 1655
42 3015
75 1665
90 1439
81 1930
75 2046
62 1578
90 1868
70 1831
72 1650
71 1870
60 2458
88 1955
72 1756
62 1629
74 2401
91 1724
58 2576
50 2081
68 2221
76 1744
72 1794
68 1479
101 1706
76 1791
81 1858
42 3154
55 2768
83 1324
64 2568
54 2562
69 2385
86 1724
50 2727
43 2298
70 1845
60 2322
54 2058
43 1916
88 2718
83 1873
85 1650
89 1632
94 1896
95 1929
79 2089
64 2976
93 1427
98 1247
65 2416
46 3555
66 2221
52 2855
52 2506
50 2752
82 1618
50 1831
59 2186
83 1632
76 2244
100 1430
90 1252
40 4229
56 2167
69 1731
42 3350
64 1744
68 1621
53 1866
59 2398
75 1821
80 2051
67 1866
69 1335
103 1673
101 1320
101 1303
95 1277
82 1611
82 1489
82 1611
74 1489
45 2073
43 3676
52 1770
54 1572
54 2571
52 2590
57 3677
64 2767
42 2396
55 2158
53 2970
45 2970
86 1337
85 1801
80 2064
74 1783
63 1882
53 3280
81 1868
66 1549
64 2198
47 2250
93 2291
91 1342
138 1159
113 1178
91 1778
79 1144
94 1374
78 1770
91 1765
77 1419
70 1645
85 1338
77 1592
66 2232
73 1948
77 1425
47 2846
48 2005
118 1677
118 1038
126 867
117 1320
62 1543
69 1373
69 2581
58 1595
42 2278
45 2465
47 2465
45 2196
51 2030
54 2292
59 2940
60 2940
105 1152
97 1134
99 1183
93 1638
84 1611
78 1611
79 1707
73 1707
44 2095
44 3676
56 1770
60 1770
53 2565
53 2426
61 3271
69 2074
32 3513
41 2435
59 1794
47 2596
76 1248
72 1980
88 1254
75 1980
18 4569
31 3072
44 4058
45 3268
43 1872
59 2408
75 1803
72 1838
114 1445
115 1159
75 1398
63 2817
72 1797
71 1710
69 1770
62 1747
71 1810
92 2528
73 1830
70 1826
87 2105
101 1336
57 2367
47 2106
129 1280
130 1217
138 1037
119 1159
74 1796
73 2239
75 1820
61 1619
62 1729
102 1743
72 1866
78 1389
95 2857
132 1358
101 1341
92 1297
109 1369
111 1412
141 986
127 1412
85 1452
117 1080
129 1268
98 1349
53 1829
90 1775
78 1770
80 1629
89 2300
126 949
101 1520
91 1257
57 2546
73 2328
105 1415
90 1557
97 1706
126 931
141 1114
109 1179
44 2195
61 3116
70 3284
64 1853
46 4899
68 2640
86 2187
89 1295
110 1159
121 1121
90 1671
61 2092
68 2567
82 1772
100 1288
64 1834
76 2060
90 1125
81 1656
70 2910
80 1794
96 1426
53 2208
52 3144
125 840
122 1273
142 1677
116 1144
68 1794
70 2324
96 1165
61 2688
68 1689
101 1580
78 1866
85 1408
80 2022
97 2019
84 1423
80 1383
97 1648
103 962
140 1412
112 1283
74 1562
85 1611
105 1707
77 1155
67 1726
94 1361
79 1770
95 1208
79 2571
90 1275
79 2313
84 2603
38 2970
61 2271
91 1554
64 2254
79 1980
91 1584
106 1746
77 2064
53 2656
80 1662
75 2271
84 1459
54 2486
67 1812
92 1887
89 1439
121 1159
123 1677
110 1667
85 1862
80 1424
87 1185
102 1723
76 1572
69 3128
97 1361
68 1575
81 2599
70 1856
83 1600
40 2847
43 2238
109 1022
111 1677
140 1677
120 1231
55 2763
62 1395
75 2688
54 1869
76 2893
89 1463
81 1409
73 1694
66 2232
72 1875
67 1440
68 2479
82 1679
75 1860
76 2958
82 1548
85 1805
90 1788
82 1606
75 1989
59 2569
73 2123
87 1158
79 1545
67 1787
75 3529
65 1941
66 1954
56 1609
63 2119
68 1993
66 1907
85 1349
90 1509
86 2208
71 1768
66 1906
59 2365
81 1669
66 3172
65 2182
60 3033
89 1383
83 1583
115 1084
96 1510
83 1775
82 2808
102 1260
95 1545
100 1352
86 1155
69 2598
93 1463
85 2608
73 2405
66 2070
84 2145
53 2097
50 3237
96 1439
100 1292
101 1259
103 1401
57 2472
73 1927
65 2110
54 4040
64 1807
71 1981
63 2592
65 2592
43 2457
48 2829
67 3008
64 2682
86 1679
81 1231
104 1054
84 1227
89 1354
96 2168
105 1214
87 1733
66 1735
69 2628
78 1352
85 1352
64 2715
65 3161
73 2006
76 2006
46 2947
54 1668
94 1212
68 2086
75 1544
82 2208
107 990
82 2208
27 4765
17 6243
37 2896
31 3593
30 2273
31 3509
50 2847
55 1570
81 2145
84 1460
52 3619
54 4156
69 1545
75 2027
63 1352
61 1508
75 1780
77 1799
73 1724
62 2093
65 2563
67 1658
43 2357
40 2121
96 1441
99 2145
98 1421
94 1778
58 3187
64 1520
56 3411
47 3610
64 1778
104 2065
74 1951
80 1629
70 1656
107 1971
86 1266
75 2372
81 1538
83 2226
113 1227
100 2140
82 1445
114 1206
127 1255
96 1458
56 3003
92 2545
86 1251
88 1352
83 2857
120 1128
89 2276
79 1193
61 2182
75 1601
107 1393
93 1906
88 1512
117 1375
132 1061
100 1521
58 2151
86 2618
75 2315
77 2334
78 1618
113 1380
108 1290
99 1795
102 1970
107 1194
107 1838
84 1709
87 1205
121 1214
132 1697
91 1029
86 2460
116 1854
93 1691
90 1601
103 1618
133 1205
86 1539
71 2509
117 1180
108 1217
143 1071
121 1853
76 1438
96 1380
114 1821
75 2253
63 2522
70 2268
68 2097
62 2592
42 3009
57 2406
65 2905
62 1912
62 1325
67 1679
97 1759
70 1384
69 1501
81 2000
89 1746
71 1633
62 2734
63 2304
75 2031
78 1682
60 1860
69 1990
63 2008
70 2006
36 3155
55 2028
79 1237
52 1716
69 2147
81 1544
83 1387
66 2147
53 4819
48 3420
58 3610
54 3201
42 2590
53 3102
77 2082
76 1620
95 1356
96 1222
94 1367
69 3160
86 1545
94 1221
97 1176
81 1352
63 2734
66 2650
57 2540
58 2036
50 2405
61 2373
35 2530
40 3600
83 2041
85 1250
107 1300
87 1422
48 3588
56 2633
57 1969
46 2357
71 2340
83 1801
94 1467
64 2710
83 2472
83 1967
71 1574
71 1832
81 1224
75 2053
113 1129
87 1748
61 2560
70 1623
84 1494
59 2145
69 1936
81 1556
84 1603
66 2166
85 2654
86 2045
60 2400
72 2750
43 3199
48 2059
89 1590
69 1601
47 2358
51 2171
68 1567
48 2817
64 1805
71 2226
67 1692
57 2660
67 2963
70 1954
51 2086
71 3677
79 2126
72 1513
80 1645
72 2121
67 1878
75 1936
64 2461
59 2381
66 2448
77 1629
84 2240
57 2863
76 3102
76 1954
59 2397
62 3439
72 2223
64 2757
98 1632
75 2196
42 2510
51 2249
60 3166
38 4347
55 2123
75 1502
58 2810
53 1794
45 2383
66 1432
52 2667
51 2492
79 1004
70 2054
85 1449
69 2253
64 1737
72 1655
75 2397
56 2936
61 3290
67 3191
74 2620
67 2445
57 2202
64 1759
67 2318
64 3995
34 6168
52 3029
64 3472
50 2452
42 2794
61 2043
60 1995
42 2971
43 3183
39 4071
47 3667
44 2442
54 2056
53 3391
53 2051
52 2982
71 2749
62 1831
75 2082
68 1795
63 2996
58 3462
73 2040
56 2469
68 2302
81 1371
60 2823
66 2936
65 2105
82 2109
60 2808
50 3060
66 2917
75 2305
94 2162
78 2078
41 2332
55 1812
67 2244
42 4123
70 1639
102 1691
85 1270
78 2292
67 1771
93 2050
69 3006
75 2505
89 2053
97 1807
117 1318
82 1771
94 1894
99 1727
118 1482
80 1602
53 2865
87 1581
97 1572
91 2089
70 1593
95 1323
60 1490
67 1776
51 2657
76 1998
99 1160
60 1995
87 1337
97 1132
119 1294
78 1658
74 2299
112 1366
89 1666
93 1203
70 1331
107 1384
88 1367
103 1157
94 1284
111 1418
113 1160
85 1437
86 1214
99 1604
114 1181
85 2051
82 1814
109 1060
90 1572
85 1477
83 1394
101 1407
67 1620
73 2233
107 1284
112 1566
135 1158
104 1418
71 1622
72 1642
93 1331
60 2003
77 2945
86 2074
76 1145
76 2374
80 2028
100 1702
86 1716
81 1593
84 1893
91 1513
113 875
92 1250
93 1710
93 1857
111 1194
81 2355
74 1526
71 4431
99 1666
101 1746
90 1836
98 1527
85 2386
82 1560
55 2197
58 2843
86 1397
61 2438
92 1554
81 1351
104 1109
70 1521
78 1630
84 2135
75 1767
86 1130
73 2486
97 1303
96 2493
101 1045
118 1157
129 1102
120 1800
110 1220
113 2681
117 1834
120 1562
100 1453
75 2097
83 3759
76 1448
74 1720
75 1547
93 1677
76 1222
69 1512
98 1345
103 1253
129 1130
106 1068
65 2034
63 3320
86 2484
53 3569
86 1927
93 1900
100 1663
82 2009
72 2160
73 2389
79 1541
68 1856
76 2344
66 2750
82 1161
76 2322
67 2774
73 2697
75 2046
55 3330
69 3083
75 1627
80 1529
76 1349
84 1719
84 2064
60 1898
61 1973
46 2696
40 2016
59 1831
60 2226
62 2294
61 3727
67 1860
53 2894
72 1470
85 1911
64 3291
82 2440
67 1643
72 1812
64 2157
73 2236
109 1198
102 1590
88 1438
78 2440
89 1503
91 3035
89 1941
76 1897
77 1579
100 1374
82 1428
83 1898
80 1713
85 1599
76 1208
68 1933
102 1340
94 1198
133 1129
106 2192
73 1876
75 2408
94 1551
64 1410
86 1719
96 1917
78 3163
74 2774
62 2369
83 1761
66 1619
62 1958
84 1465
72 1697
94 1581
84 2122
75 2046
84 1867
86 1476
75 1841
77 2128
73 3143
82 2004
78 1963
81 2922
117 3291
73 1693
67 1874
46 2489
56 2507
76 1699
68 1974
62 2500
82 1901
81 1617
72 1776
47 1824
30 3431
60 1887
46 2727
58 2158
68 2616
59 2561
63 1222
100 1303
94 1420
81 2034
69 1910
82 1962
71 2053
87 1974
73 1873
77 1351
82 1344
74 1331
69 2151
74 2044
102 2226
69 1777
65 2701
95 2156
107 1771
125 1291
104 1235
69 2274
77 1573
90 1601
68 2319
50 1748
56 2415
51 1797
53 1797
33 2309
27 4160
28 3261
29 3672
73 1732
66 2177
67 2195
68 2303
55 2254
55 2870
56 2587
45 2727
48 4402
46 1840
78 2423
76 2428
52 1593
74 2034
70 1832
64 1750
36 2595
55 2503
72 1490
56 1845
57 1965
71 2295
76 1956
56 2079
73 1979
79 1304
77 1527
83 1411
60 3334
96 2054
91 1756
94 1135
89 2745
92 2277
68 2878
63 1972
72 2459
87 1763
85 1820
77 2182
77 1499
68 1339
70 1895
67 1796
67 1809
81 1656
61 1899
54 2485
103 1848
93 2745
109 1860
101 1567
59 1916
62 1371
66 2394
54 1873
82 1656
106 1625
88 1739
74 1748
61 2264
96 1275
71 2676
73 1878
83 1711
81 1623
106 1529
89 1579
65 2251
84 1703
94 1470
60 2843
67 1618
80 2058
101 1415
89 1415
82 1709
106 2148
94 1486
96 1331
54 2411
55 2024
87 2407
65 2053
70 1727
77 1693
93 1173
55 1821
75 1991
99 1711
83 2072
79 1404
73 1649
114 2119
96 1505
108 1601
125 1519
129 1384
105 1529
95 1061
106 1743
128 1695
123 1399
99 1235
68 2724
90 1808
76 2131
60 2394
68 1386
102 3075
66 2475
66 1650
105 1881
101 1881
130 1061
111 1569
59 2903
76 1407
90 1536
54 2121
49 2864
49 1653
32 2948
30 4155
53 1897
55 1831
35 4772
30 3282
57 2352
50 2148
49 2803
35 3037
55 1788
50 1674
46 2317
34 2685
29 4649
26 3494
46 2276
41 2456
27 4154
24 6272
27 4475
28 4109
26 2988
26 4797
35 3207
18 7257
28 3179
33 4021
40 2231
23 2943
66 1832
59 1999
61 1951
51 2792
65 2445
51 2692
57 2465
57 2122
79 2052
62 2117
64 2908
55 2288
77 2197
69 2117
71 2907
59 3949
60 2996
59 2469
57 2685
49 2267
64 3235
51 3266
42 2741
43 3209
68 3578
54 2563
69 1759
60 2402
53 2946
47 3653
52 1974
41 2413
56 3016
47 6269
55 6336
50 6336
32 4051
23 6663
51 2166
51 2166
72 1503
81 1776
75 1979
70 2051
72 2509
82 2698
76 1618
70 1602
47 3041
42 2157
61 2356
62 2033
69 1998
64 2015
53 2460
59 2246
33 2858
67 2456
70 2306
58 2306
68 1200
78 1868
80 1926
68 1926
23 2914
34 2102
41 2467
40 3268
60 2757
73 1345
50 2477
45 1720
89 1841
89 1855
67 2070
51 3182
80 1951
78 1342
74 3977
61 1874
60 2553
71 1641
63 2278
57 2708
80 2187
90 1972
53 1866
45 2079
90 1843
85 1525
99 1921
80 2338
67 2120
62 2458
70 4040
53 2828
67 1425
98 1923
80 2462
81 2397
62 1981
102 1470
84 2174
77 2166
81 2295
77 1594
113 1064
95 1162
82 2449
104 1439
120 1533
86 1552
45 1989
75 2021
70 2725
73 1390
88 1972
129 1256
79 2066
70 1142
53 2900
90 2202
118 1008
104 1243
89 1588
126 1174
136 1336
105 1519
72 1883
87 1483
71 2196
74 1769
69 1528
96 1298
66 1951
76 1440
85 2358
105 1136
79 1831
45 3696
72 2418
94 1456
101 1521
60 2418
66 1611
92 1174
74 2196
66 1353
71 1800
104 1054
58 2098
57 2109
86 2092
97 1536
108 1502
82 1641
59 2813
75 3172
93 1326
61 1661
82 1784
103 1931
88 2281
92 3081
64 1972
66 2795
79 1185
74 1497
77 1320
68 1600
110 1306
86 1456
75 1566
75 2805
97 1854
70 2446
60 3225
86 1871
77 2051
90 1590
87 1875
95 1280
63 2295
67 1549
31 3244
61 4231
93 1489
72 1753
64 1560
78 1560
90 1588
65 1926
79 1959
107 1911
82 2120
96 2398
80 1335
94 2049
75 1716
82 2584
102 1449
105 1387
102 1843
90 1446
95 1324
107 1622
107 1723
91 1470
57 2288
95 1833
62 2826
70 1957
65 2558
85 2154
46 2513
45 3567
69 1638
77 1898
101 1859
81 1917
48 5328
65 2111
69 3161
47 3293
97 1324
102 1447
91 1656
80 1876
100 1225
99 1244
73 1786
69 1399
108 1040
95 1225
94 1380
95 1837
83 1540
86 1286
71 2063
58 1448
64 2089
74 2006
95 2229
83 3564
76 1587
80 2864
77 2481
81 2300
38 2532
73 1348
89 1370
80 1299
84 1879
98 1272
101 1124
76 1932
67 2109
67 2692
88 1773
78 2860
68 2109
67 2171
76 1647
73 1925
123 1136
110 1272
85 1431
88 1311
101 1175
104 1615
94 1881
82 2103
80 2787
86 3298
83 1809
74 2570
90 1808
90 1429
54 2230
52 2001
112 1311
101 1033
107 1403
111 1080
75 2928
80 1524
73 1849
62 1719
80 1681
79 2298
73 1876
73 3095
74 2430
68 3078
75 1749
68 1949
99 1474
109 1785
123 1097
104 1539
71 1999
97 2185
96 1212
80 1305
80 1599
81 1960
87 2042
94 1753
82 2913
81 2198
89 1939
91 1723
45 2799
91 1359
113 2298
88 2475
87 1878
114 1271
120 1177
98 1439
25 4834
24 3915
56 2031
47 3999
47 2757
43 2180
54 2302
53 1370
103 1613
104 1206
73 2597
67 1266
82 1828
83 2053
75 1850
65 3889
75 2553
72 2715
74 2324
60 3593
80 1294
74 2165
47 3961
43 2562
104 1289
101 1080
109 1080
101 1474
68 1954
66 1912
68 1731
56 3230
72 2298
103 1756
85 1686
86 1389
88 1839
128 1470
83 1353
76 1592
96 1785
92 1176
128 1085
111 1017
74 2208
96 1176
112 1597
78 1812
57 2042
88 2105
82 2324
86 1349
85 1965
127 1240
90 1551
82 1689
52 2189
100 1471
129 1050
115 1012
101 1264
138 963
147 1121
117 1249
82 1416
110 1438
99 2031
110 1446
99 1448
140 983
113 1148
111 1016
119 1080
136 959
125 1236
96 2316
100 1265
141 1051
140 1256
94 1544
89 1356
126 1496
99 2227
98 1345
114 1102
161 1009
94 1518
83 1814
120 1081
129 1080
159 963
138 1005
86 1374
121 1437
131 1250
94 2063
81 2821
76 1527
78 2431
70 2298
74 1965
78 3423
74 2652
70 2115
87 1785
79 1517
114 1023
84 1474
66 2229
64 1913
77 1707
58 2229
67 3343
67 3368
74 2693
75 2494
68 1762
77 1308
71 2701
78 2584
25 3715
68 1854
93 1439
65 2475
75 1723
89 1858
90 1615
73 1932
74 1528
76 2653
82 2031
86 1470
64 1637
80 1533
84 2909
92 1945
125 1067
129 839
113 1488
96 1326
107 1058
117 1464
107 1354
100 1850
64 2966
76 2149
60 4583
56 3926
63 2727
84 2159
45 2509
45 3920
92 1362
101 1189
118 1484
92 1311
59 2124
74 2826
69 1615
54 2313
69 2276
77 1218
66 2431
48 2122
73 2389
75 1889
48 1872
69 1717
59 2377
50 2057
64 2168
49 1778
53 1697
58 2951
49 1991
36 3313
63 2281
82 1820
70 2141
56 2024
67 1882
79 1170
55 1690
81 1894
51 2278
64 2016
70 2066
46 2196
49 1736
73 1943
56 2494
34 2933
68 2625
93 1274
86 1692
73 1522
68 1859
88 1195
67 2067
93 1653
71 1994
80 1590
88 1477
78 1308
52 2625
75 1499
68 1603
60 2857
71 2394
95 1307
84 2377
55 2122
72 1862
90 1513
62 2477
72 2173
73 1997
79 1506
93 1357
67 2196
52 3282
73 1677
64 1911
40 2339
47 2742
65 4888
31 2979
33 3924
49 2356
52 2568
32 3142
34 2984
65 1930
46 2444
64 1809
38 3376
58 2017
51 3693
63 1782
34 3950
45 2784
81 2719
49 2530
55 2274
48 2143
68 2164
50 1791
56 1708
58 2151
52 1949
50 1634
37 2214
58 1538
66 1949
56 2397
40 2241
42 2658
43 2487
48 3174
37 3333
61 3678
70 1854
47 1793
41 2227
44 4817
54 1412
63 2085
44 2335
45 5130
38 2915
45 2648
30 3425
58 2648
74 1578
65 3009
68 1532
59 1974
87 1928
68 1764
65 1532
40 2175
68 1497
84 1839
69 1564
42 3223
52 1825
66 2030
54 1623
53 3121
99 1828
82 1510
74 1975
51 1771
86 2616
59 2843
66 2208
76 1830
89 1536
114 1144
80 1710
67 1672
65 2428
103 1677
55 2733
38 2829
86 1536
78 1534
66 1707
48 2537
84 2050
54 2956
62 2309
52 3438
82 2292
116 1263
72 1771
73 1672
79 1792
123 1280
65 1841
79 1443
130 1252
121 862
113 1124
89 1280
132 1502
101 1539
111 1267
70 1603
89 1764
101 1047
74 1864
67 1867
73 1707
107 1160
65 2440
84 1492
113 1429
102 1374
80 1254
91 1074
108 1344
78 2006
77 2208
95 1400
93 1365
125 1041
84 1570
81 1302
65 2003
108 1160
53 3090
79 1880
87 2452
65 1712
71 2086
77 1459
89 2283
69 1497
72 1338
83 1913
81 1273
94 1594
82 1431
78 1908
71 1928
78 1401
54 2439
58 2293
82 1459
75 1941
86 1871
62 1567
90 2195
75 1909
82 2147
38 2773
49 2410
76 1569
58 1438
61 2081
57 2475
79 1763
48 3173
80 2131
99 1525
100 1708
104 1489
86 1512
112 1005
105 1497
105 1338
95 1901
110 1188
120 1617
106 1488
96 1796
104 1525
120 2287
94 1510
63 2856
76 2020
75 1941
72 2398
65 2723
82 2083
76 1837
70 1408
70 1622
74 1587
107 1107
86 1816
59 2995
57 2244
85 1404
52 3127
65 2152
67 2259
48 3444
38 3122
75 1914
62 1689
42 3057
30 3746
64 1461
46 2100
50 2968
35 4801
64 2168
53 1890
45 2615
23 5496
47 1879
60 2298
47 3338
42 4230
56 2545
57 3338
41 5494
34 5566
52 3950
55 3466
58 2169
34 5939
59 1777
69 1881
61 2169
28 3033
76 2553
105 1319
85 1519
81 1521
92 2040
106 1084
76 2101
82 1615
70 2185
77 1895
101 1386
81 1838
69 2504
83 1613
85 2779
57 1729
73 2808
106 1233
80 1818
66 2995
89 1473
108 1136
71 2361
69 2253
67 1766
78 2049
97 1492
69 2640
66 2172
85 1677
80 1526
44 2972
70 1746
64 2851
38 2717
40 2035
64 2742
74 1702
36 3291
37 2425
70 1882
54 2562
79 1303
50 1886
71 2163
74 1437
73 2310
51 2766
78 1998
86 1999
62 1642
68 1605
71 2784
96 1730
62 2065
65 1597
66 1546
62 1392
71 1918
54 1742
75 1351
88 1269
72 1837
62 1251
41 1797
43 2721
51 2778
40 2882
66 2634
98 2034
53 2030
41 2263
54 3729
73 3096
72 1860
55 1993
45 4756
60 1656
66 1530
36 2475
73 1739
80 1657
74 2396
75 1627
75 1618
102 1121
74 1655
69 1623
63 2087
75 2218
91 1432
85 1283
54 2572
62 1775
86 1432
64 1623
29 5023
38 2746
31 2700
30 3593
41 2889
30 4919
34 3722
33 3722
62 1832
60 1844
57 1990
63 3117
53 1678
52 2150
52 4057
45 2151
46 3249
53 1567
60 1917
58 2076
62 1684
93 1215
60 2967
60 2619
49 2094
62 2931
88 2297
78 2418
64 1474
78 1461
88 1296
66 2020
84 1062
89 1450
105 1171
110 2131
80 1212
112 1139
118 1108
125 862
75 1522
69 1823
81 1721
82 1858
63 2657
75 1743
79 1994
66 1681
96 1255
89 950
79 1172
73 1535
92 2013
109 899
71 1995
68 1654
104 1582
83 1573
93 1651
89 1571
80 1747
77 1801
71 1841
55 3765
84 1543
106 1307
72 2121
57 1707
98 1811
108 1359
74 1398
88 1822
101 1870
77 2223
94 1894
84 1480
84 1560
82 1629
81 1292
63 2877
70 1921
112 1199
97 1814
84 1503
97 1387
126 1366
88 1685
105 1272
53 2296
56 2251
89 1736
67 2271
66 2315
73 1444
88 1261
58 2171
89 1512
122 948
120 1009
104 1488
95 1212
119 1371
124 1093
138 1894
124 994
115 1237
139 1641
128 1175
109 1062
122 1183
135 1203
116 1352
77 2263
112 1338
93 1502
67 2300
84 1433
106 2233
78 2427
81 2149
96 1521
85 1302
119 1358
96 1554
69 2919
80 1499
95 1312
65 1806
102 1460
89 1862
74 1647
71 1960
98 1461
89 2213
74 1411
73 1769
115 1422
96 1907
96 1644
82 2114
120 1126
103 2091
99 2005
87 1302
61 2282
60 3046
80 1838
82 2385
101 1971
101 1985
78 2018
87 2205
66 2555
91 1566
77 2955
64 3911
106 1212
110 1804
94 1291
81 1212
88 1974
94 2217
95 1886
81 1308
82 2149
89 2717
103 1255
98 1489
167 1377
173 1130
104 1449
89 1334
124 1321
136 1275
127 1161
105 1306
95 1973
113 1312
92 2313
75 2558
115 1633
123 1880
73 1552
65 1769
153 1050
160 940
156 1504
138 1244
105 1161
118 1091
111 1284
86 2545
79 1478
73 1248
58 2475
63 1425
70 2214
64 2387
55 3384
67 1983
102 1719
107 1296
88 1719
83 1320
106 1146
112 1133
92 1422
89 1571
81 1816
80 2164
90 1353
105 1263
122 1380
121 1866
88 2050
110 1474
74 2687
95 1508
70 2763
73 1854
114 1225
111 1193
85 1590
89 1742
38 2583
50 2762
71 2283
59 4057
61 2013
101 2073
86 1472
85 1283
138 1349
169 859
96 1291
79 1622
103 1321
129 1177
107 1425
94 1275
91 1265
127 1093
98 1850
107 1541
123 1036
157 811
81 1590
96 1586
154 994
178 1004
174 1533
173 1052
113 961
133 983
117 893
120 1078
65 1662
92 1581
78 2225
84 1758
62 1596
111 1578
73 1843
72 1227
95 1823
95 3189
126 1281
98 1365
77 1787
100 1299
120 1533
85 1454
47 1763
69 2358
80 1562
85 1284
84 1781
134 1494
80 1599
76 2002
68 1959
86 1472
129 1320
90 1386
94 1046
117 1299
150 992
104 822
90 1722
88 2087
112 2552
105 1887
91 1614
112 1491
118 1885
125 912
96 1416
110 1715
87 2360
69 2794
60 3137
77 1806
99 1352
64 2794
79 1716
95 1912
78 1988
60 2796
82 1912
117 1739
66 2407
65 2078
119 1689
129 1039
131 1637
111 1509
66 1650
79 1609
88 1347
53 2796
85 2579
102 1280
78 1938
82 2181
88 1623
91 1123
73 1712
88 1153
95 1350
90 2854
110 1677
103 1594
81 2779
83 1497
81 1865
63 1831
56 2945
88 1571
89 1968
99 2946
96 1752
114 1021
81 1555
103 1658
41 2409
52 2176
88 1397
74 2902
71 1440
72 1762
86 1342
64 1589
94 1722
105 1571
119 1989
123 1497
105 1820
106 1620
121 1322
137 1039
141 1476
135 1640
135 1321
126 1632
116 887
116 1269
134 1566
115 1808
57 2586
84 1639
78 1989
75 3333
72 3066
85 1667
65 1994
74 1929
96 2174
101 1416
139 1067
123 1382
55 2768
68 1676
83 1752
58 3012
103 1221
101 2259
83 1461
78 1456
112 1305
98 1870
79 2215
72 1602
117 1216
97 1462
99 1794
90 2104
124 1098
111 1560
103 1407
85 1291
67 1452
84 2045
99 2417
96 3240
89 2132
94 1612
70 1765
66 2394
71 1914
81 1542
80 1631
60 2955
106 1433
115 1521
103 1368
74 1368
79 2441
100 2717
92 1655
78 1563
80 1918
97 1484
99 1407
83 1896
127 1183
137 1418
116 956
98 1587
119 1807
137 1594
122 1456
97 1622
82 1452
112 1243
89 1800
72 3538
88 1364
106 1100
74 1990
55 2572
112 1294
124 1543
121 1435
100 1566
77 2246
96 1681
82 1788
53 2205
79 3216
88 1792
60 1734
69 2328
81 1313
78 1497
68 1675
75 3475
105 2051
108 1375
106 1902
93 1715
108 1209
129 1662
114 1054
99 1381
87 1730
101 1656
98 1187
117 1075
102 1435
104 1123
82 1681
99 1253
77 2316
80 994
72 2069
67 2362
109 1344
120 1286
100 1365
93 1621
27 2807
22 4470
47 2942
42 2745
36 3117
63 1850
61 1897
66 2475
89 1728
108 1399
76 1592
74 1585
79 1885
105 1854
83 2417
78 2138
76 1405
92 1293
75 2441
90 1512
73 1321
94 1611
62 2460
83 1483
104 1299
117 1290
107 1746
122 1566
67 1299
85 1391
70 1305
81 1359
73 1662
99 1805
86 2225
92 1758
82 1596
131 1494
80 1570
79 1335
103 1823
102 2270
135 1192
105 1566
105 1340
129 1222
148 1084
113 1334
61 2475
82 2340
96 2092
101 1718
85 1847
135 1433
71 1720
70 2201
76 2237
84 2321
128 1320
90 1589
107 1165
130 1006
163 1165
117 1183
106 1662
110 1518
124 1687
133 1357
111 1476
149 1222
133 1938
137 1289
105 1397
118 1418
130 1165
102 1322
94 2806
129 1493
148 1465
112 2284
104 1007
129 1064
101 1675
102 1260
113 1233
165 826
89 1769
84 1323
127 1418
137 1336
153 997
123 1583
88 1206
120 1045
125 1245
89 1827
79 2433
82 1655
60 3533
71 1741
77 2975
96 1510
65 1777
74 1764
92 1350
84 1700
97 1407
81 1781
98 1710
99 1710
98 1116
82 1705
54 2763
73 1757
80 1950
97 1542
66 2409
100 1050
61 2458
76 1899
38 3094
38 2736
67 2248
46 3003
73 1485
73 1442
88 1412
67 1658
83 1796
77 2092
91 1784
102 1629
74 2448
91 2109
107 2237
116 1765
129 1209
120 1290
136 1245
120 1889
122 2246
121 1269
139 1322
123 1842
55 3623
69 3331
65 2040
69 4924
52 1688
80 1720
59 1928
61 2263
84 1752
87 1551
118 1522
95 1752
49 3105
61 2205
77 1723
54 3492
85 2206
112 1188
97 1316
69 1976
89 1297
110 1493
70 1529
81 1957
90 1126
99 2110
109 1668
84 1329
73 2138
97 1027
84 2007
61 2712
83 1634
90 1586
91 1299
74 2723
93 1490
94 1224
62 1633
85 1884
56 2075
69 1641
89 1511
76 1440
64 1920
74 1393
71 1706
60 2474
86 1291
88 1342
102 1710
78 1592
83 1270
83 1455
82 1536
97 1610
95 2112
84 1578
107 1772
85 2196
87 1654
90 2080
96 1397
77 1768
81 2465
104 1298
100 1244
86 1556
84 2770
101 1638
71 1738
96 1289
81 2493
86 1646
107 1792
96 1386
55 1843
75 1781
73 1838
64 2139
69 2420
91 1502
61 2411
59 2266
74 1585
81 1435
58 3122
55 2357
108 1223
92 1601
105 1199
83 2049
91 1682
88 1640
95 1351
70 1901
67 1769
91 1245
75 1569
78 2074
79 2017
87 1532
71 1673
74 2205
53 2556
73 1723
87 3180
56 2071
61 1681
81 1541
88 1321
50 1859
44 2928
49 2487
47 3792
55 1591
70 1542
86 1288
72 1855
65 1802
78 1542
95 1269
93 1691
74 1906
80 1975
80 1998
83 1632
66 1961
100 1334
109 1791
81 1986
81 2352
101 1943
121 1124
78 1936
72 2487
93 1786
114 1161
111 1055
93 1247
77 1429
81 1708
76 1600
61 1878
46 2465
100 1284
85 1320
72 1865
61 2482
99 1646
53 2956
61 2309
88 1748
94 1668
122 1047
83 1668
79 3149
71 1989
109 1160
57 3825
39 2278
89 1483
81 1213
70 1534
62 1771
100 1769
58 1831
66 2208
55 2873
95 1261
112 1392
70 2230
70 2478
79 1798
107 1127
51 1860
84 1743
149 1218
105 1097
116 1240
94 1968
150 967
90 1207
120 1595
98 1757
101 1020
122 1062
83 1634
97 1141
86 1870
125 1677
72 2197
93 1380
126 897
109 1171
92 1419
109 1153
130 1376
85 1474
87 1880
104 1080
107 1337
133 1041
88 1720
74 1406
112 1074
61 2028
79 1323
92 2342
73 1796
74 2222
91 2055
107 1227
75 1516
73 1423
91 1592
93 2054
110 1541
93 1809
85 2089
82 2475
93 1678
64 1900
70 2592
79 2337
84 1134
80 1988
88 1521
101 1351
84 1525
78 2208
40 2856
58 1915
82 1226
65 2406
58 2099
54 2066
72 1987
43 3257
85 1951
117 1027
84 1422
108 1171
90 1985
130 1392
93 1183
114 1243
102 1600
128 1051
113 1259
119 1245
104 2431
125 1148
111 1401
105 1401
66 1862
81 2627
73 1316
70 2375
77 1641
96 1221
73 1557
67 1544
73 1950
78 1881
105 1170
84 1311
58 1978
58 2144
79 1569
46 5772
70 2134
97 1233
77 1539
60 2434
80 1757
95 1896
66 1541
48 2459
68 1673
78 2627
77 1397
56 1936
73 1916
89 2829
79 2343
49 2149
63 1677
70 2298
66 1995
61 2029
76 1694
71 2145
49 2910
42 2217
56 1946
62 1572
72 1725
63 1701
78 2549
80 2636
79 2121
63 2309
85 1796
92 2892
94 1554
83 2126
95 2112
92 1447
91 1772
92 1439
112 1184
101 1815
117 1034
94 1626
95 962
91 1496
109 1457
77 2509
75 2399
103 972
91 1087
91 2052
99 2402
113 1264
80 1650
93 1245
97 1478
103 1495
135 887
122 1127
83 1838
95 1443
105 1108
83 2502
89 1953
92 1498
70 2197
65 2434
84 1487
103 2891
62 1873
56 2404
93 1375
76 1692
110 1363
80 2058
99 1672
101 1331
110 1068
86 1744
82 1804
87 1766
80 1529
80 1906
80 1403
102 1809
66 2071
66 2972
58 2245
73 2589
107 1353
68 1891
83 1681
104 2066
113 1605
81 2362
46 2415
49 2208
49 2607
50 3225
73 2165
96 1185
72 1675
59 1928
100 1623
108 1340
92 2732
76 1594
75 1803
80 1418
96 2745
64 2203
97 1445
105 1215
82 1507
75 2285
108 1337
134 1345
79 1639
67 1933
115 1544
127 999
128 1306
112 1412
92 1390
102 2061
108 1399
78 1908
18 4172
33 4540
31 4834
28 2788
25 3274
18 6494
19 3648
19 3823
58 2228
46 2122
47 2631
48 2231
52 2109
44 3620
47 2807
34 3341
28 6336
37 2124
47 2418
46 2933
30 3311
63 2100
47 2723
49 2438
47 2589
51 2808
59 2687
50 2780
57 2098
74 2132
67 1921
44 3773
83 1845
107 1392
73 1652
94 1539
80 1845
130 1392
80 1361
104 967
79 2108
58 1813
79 2144
72 1982
76 1387
73 1713
77 1819
57 1803
82 2088
74 1695
73 1579
66 3080
83 1507
98 907
79 1687
75 1868
85 1469
64 1748
81 1517
77 2303
72 1681
68 1863
71 2406
53 3681
76 1597
107 1355
76 1373
54 2958
82 1694
99 1643
69 1689
76 2006
87 1759
72 1349
93 1972
75 1604
75 1982
82 1928
84 1415
58 2215
63 2939
91 1173
84 1721
58 2185
78 1489
91 2448
77 2269
80 1748
51 2296
40 3649
69 2775
51 3051
58 4048
65 2026
74 1575
48 2562
88 2045
140 928
87 1412
88 1242
95 1277
137 978
87 1533
117 999
102 1079
111 1392
108 1502
113 1043
97 1845
128 1375
105 1575
102 1518
59 1592
94 1367
72 1933
46 2739
70 1225
91 1799
71 1886
75 1646
73 1521
61 1407
92 1535
70 3006
57 3648
67 2479
80 1809
50 2213
83 1194
99 1312
82 1761
67 1512
79 2223
98 2412
82 1585
69 1375
96 2149
106 2109
104 1863
78 2553
101 1998
113 1263
107 1147
83 2176
71 1677
60 2282
75 1604
74 2381
111 1212
100 1441
73 1995
79 2542
58 1343
75 1641
72 1725
71 1704
97 1297
93 1142
89 1362
88 2189
82 2619
65 2985
91 1710
77 1617
75 1988
60 2322
98 1772
94 1939
161 1081
144 1412
100 1765
86 1708
119 1597
108 1278
122 1321
101 1436
88 1977
99 1052
92 1752
89 1556
108 1300
109 1433
74 1615
79 1475
146 1130
146 1307
157 1309
152 1262
98 1522
104 1499
112 1231
100 1311
82 1880
78 2475
67 1682
66 1697
73 2058
70 2211
63 1823
70 1698
111 1380
97 1863
96 2093
91 2114
116 1469
103 1695
101 1729
96 2226
69 2723
68 2139
83 1924
89 1233
109 2349
109 1380
82 1502
95 1579
55 3013
82 1595
82 2664
67 2562
94 1492
100 2189
98 1355
84 1717
35 3846
52 3611
60 2291
60 2080
73 2153
94 1568
90 1874
86 1799
150 1200
162 1168
100 1153
81 1789
115 1423
122 868
112 1275
97 1931
102 1260
130 1001
98 1623
90 2713
135 1106
160 724
81 1336
79 1624
165 952
181 859
174 1355
156 1390
125 1219
136 952
117 1370
103 1376
85 2474
112 1197
104 1194
108 1474
87 1596
138 1578
88 2345
88 1789
112 1423
107 1719
140 1174
109 1322
113 1758
130 1246
153 1263
115 1702
69 1662
91 1518
104 1321
109 1422
120 1322
170 1493
98 1481
98 2065
78 1614
110 1054
134 1786
99 1574
113 1585
146 730
159 1355
117 1242
90 1520
110 1218
98 1596
109 1105
82 1845
136 882
107 1294
132 1434
159 1533
152 1288
110 1428
87 1428
111 1210
105 1034
133 1275
95 1725
110 1393
106 1412
106 1360
89 2100
128 1388
144 1080
88 1910
85 1305
166 1576
157 997
178 1381
156 1017
111 2039
105 1401
132 1324
97 2284
109 1169
129 1154
107 1176
107 1697
116 1413
122 1620
95 1375
106 1259
112 1694
110 1520
132 1044
119 1381
117 1210
122 1986
122 1448
99 1147
90 1568
107 1254
120 1084
115 1054
145 1075
148 1021
109 1380
116 930
59 2619
78 2075
107 1421
93 1823
99 1612
102 1510
109 997
86 1021
94 1489
127 1392
104 1378
126 1116
98 2040
129 1052
110 1294
144 898
171 1368
192 1024
126 1116
135 1393
132 1296
161 1094
136 1253
136 904
86 1447
109 1458
97 1938
92 1705
116 949
125 1274
76 1302
83 1690
141 837
142 1355
174 1226
156 970
98 1107
106 1798
116 1093
89 2180
70 2886
97 1404
78 1808
60 2142
73 1914
88 1896
67 1457
48 3536
74 1523
83 1371
83 1369
62 1993
72 1547
88 2341
77 2234
48 1815
70 1677
76 2072
65 1742
60 2324
85 1357
81 2495
61 2167
54 2045
50 2049
68 2555
78 1466
70 1704
77 1664
79 2116
78 1574
61 2840
68 2272
71 2060
82 1669
68 1997
74 1743
68 2497
79 1328
64 1626
105 2080
93 1116
98 1100
81 1701
85 1405
80 1431
88 1722
63 1785
67 2493
90 2220
81 1878
78 1706
76 1816
87 1406
66 1905
61 1724
90 1685
95 1200
106 1258
99 1406
64 1809
76 2170
76 1675
61 1737
68 1952
80 2227
55 3440
58 3863
64 2047
64 3078
56 3175
58 2029
90 1653
75 1458
91 1174
77 1751
85 1653
86 1383
90 1985
74 1766
67 1571
81 1930
63 1666
73 1422
76 1775
78 1809
71 1701
79 2972
45 2534
72 1964
88 2096
65 1414
69 1615
89 2003
94 2258
69 2068
21 4304
24 4983
32 3067
36 3235
48 3080
56 2145
50 2239
53 2143
86 1726
86 1448
67 1934
63 3066
63 3054
69 1601
59 3910
52 1802
80 1410
87 2061
67 2204
65 1839
80 1665
92 2061
55 2303
59 2412
101 1308
105 1629
92 1273
89 1376
72 1989
83 1708
64 1734
58 1823
58 1930
85 2615
77 2114
81 1514
62 2385
112 1494
60 1824
60 2241
81 2113
75 1940
109 1601
78 1322
75 1644
92 1183
115 1601
77 1827
52 1980
75 2615
68 1699
74 3155
71 1915
121 1349
68 2190
67 2210
57 2136
92 1191
115 1449
80 1725
80 1567
114 1034
127 1355
85 1242
93 1422
131 1067
96 1550
124 1195
102 1296
170 1292
97 1079
119 1187
116 1595
107 1439
128 1162
96 1725
92 2194
106 1343
130 1533
92 1339
106 998
112 1601
102 1385
102 2227
118 1138
151 996
90 2212
84 2328
122 1619
112 975
146 839
116 1359
92 2011
105 1439
128 1368
91 1508
67 2026
74 2036
54 2420
60 2878
60 1836
82 2232
53 2443
57 2067
70 2058
66 1811
81 1403
60 1993
68 2246
72 3193
73 1549
52 2114
60 3480
63 2173
59 1807
61 1791
65 2244
84 2232
64 1308
64 2175
29 4820
46 2297
68 1934
47 2436
55 2766
58 2608
66 1629
45 3171
70 2320
98 1404
64 1700
93 1434
66 3234
113 1404
71 1429
98 1398
106 1007
126 1443
102 1399
104 1016
86 2065
114 1293
90 1309
92 1156
55 3266
65 1528
55 2617
57 3227
54 3245
79 2118
50 1601
49 3326
77 1629
76 2314
101 2626
76 1784
51 3265
58 2911
69 2626
44 3328
